2287	8	2286	211
2462	8	2448	201
918	1	148	060
229	15	4988	062
9144	18	1035	201
425	1	319	125
9436	21	9437	194
4230	21	9462	212
2030	6	2032	143
141	1	122	055
3250	21	9434	174
1042	18	644	231
2925	19	1926	181
9144	18	9140	204
9144	18	708	171
908	1	518	146
7293	19	1926	203
9144	18	687	200
2244	8	2243	180
9144	18	1035	170
9144	18	9139	219
1042	18	1651	180
1042	18	568	220
2448	8	2462	198
9144	18	1035	198
9076	23	2968	156
2441	8	2442	195
1585	1	163	090
9531	21	9451	173
1590	1	123	145
4764	21	9462	213
1042	18	1467	197
9144	18	1027	173
2286	8	2287	191
2286	8	2287	204
9144	18	1031	187
2414	8	2415	210
2441	8	2442	191
2407	8	2406	215
1042	18	489	226
1042	18	571	201
1360	1	953	064
1543	1	148	083
1042	18	570	185
2205	7	2206	226
2691	23	2955	008
8552	19	9149	166
1042	18	570	221
2436	8	2437	224
1279	1	129	081
484	1	148	047
3343	21	9473	224
5173	15	4973	041
1042	18	876	190
652	1	148	029
2456	8	2457	170
5102	15	4973	093
399	7	2230	192
1042	18	489	210
1042	18	645	180
1042	18	568	195
2990	19	9159	168
8842	19	9149	190
399	7	2230	188
9144	18	9137	226
1042	18	645	196
2925	19	1926	164
1042	18	1651	172
1042	18	1467	203
2691	19	9149	177
9144	18	1031	196
1312	1	1210	133
104	0	106	165
1042	18	1467	199
69	0	70	209
9144	18	1029	172
1866	19	1991	183
9144	18	9137	196
2422	8	2423	205
1042	18	567	167
2410	8	2409	167
350	1	163	013
249	1	148	079
2990	19	9159	188
947	1	129	083
2398	8	2399	165
1042	18	1651	186
69	0	70	223
2358	8	2359	217
1042	18	570	180
2286	8	2287	219
9144	18	704	211
9144	18	1041	207
4764	21	9462	163
3084	11	3081	128
104	0	106	191
1410	1	122	031
1206	1	125	063
394	1	148	126
7293	19	1926	218
1411	1	163	009
8385	23	3023	127
7293	19	1926	221
3138	19	9157	181
6195	19	1991	200
1042	18	567	162
1042	18	1467	209
9506	21	9442	212
1243	1	953	022
2394	8	2395	208
3250	21	9434	168
2394	8	2395	203
9144	18	137	212
9144	18	696	166
1042	18	876	218
6129	23	12508	052
9144	18	1029	167
104	0	106	182
8927	23	12541	099
1042	18	979	181
1042	18	1467	194
138	15	4973	035
1324	1	129	004
1042	18	1651	177
2925	19	1926	229
9144	18	9138	164
9144	18	1031	200
2424	8	2425	208
2437	8	2467	210
2358	8	2359	224
1521	1	148	033
1042	18	1551	226
9386	23	12511	009
1042	18	409	165
1310	1	129	136
1042	18	570	223
3236	23	12520	097
2943	21	9462	229
1042	18	160	180
377	1	125	005
7293	19	1926	211
1467	1	125	028
982	1	148	105
9144	18	704	192
1042	18	1651	185
1042	18	409	175
1221	1	122	052
2448	8	2447	209
104	0	106	214
1042	18	715	224
9144	18	9140	190
9144	18	9136	188
4764	21	9462	228
2329	8	2328	222
2456	8	2457	168
69	0	70	217
2442	8	2441	184
715	1	125	040
2414	8	2415	229
1042	18	160	230
2287	8	2286	187
9306	23	12511	158
9144	18	1041	213
1042	18	568	188
908	1	518	138
2421	8	2420	214
2421	8	2420	209
2243	8	2244	209
3377	21	9435	208
9144	18	1027	193
2001	7	2239	217
9144	18	704	171
5269	15	4973	092
1858	19	969	216
1544	1	148	133
9144	18	708	204
1042	18	435	169
4598	14	3447	073
2470	8	2471	226
2265	8	2266	222
9144	18	1031	165
9144	18	708	206
1042	18	979	194
2395	8	2394	206
1054	1	123	122
2328	8	2329	222
2244	8	2243	195
4764	21	9462	175
5209	15	4973	098
1042	18	435	196
1324	1	129	018
6400	19	9159	191
9144	18	9138	182
2442	8	2441	193
9144	18	708	164
344	1	123	092
6195	19	1991	165
1042	18	1651	224
9070	23	2982	025
1042	18	979	186
1416	1	123	123
2267	8	2268	180
950	1	148	134
9144	18	696	162
2925	19	1926	199
3066	23	12524	069
1042	18	297	195
5072	15	4973	030
9144	18	1031	220
219	15	4973	123
1042	18	435	230
9076	23	2968	088
9144	18	708	230
9144	18	1040	231
1042	18	1551	215
1042	18	435	215
4269	14	3673	060
228	1	229	005
8787	23	2975	036
1042	18	645	191
1042	18	409	201
9144	18	9136	182
9144	18	9136	222
214	1	125	155
3346	21	9473	231
8311	17	7429	157
1976	6	229	069
203	1	122	064
209	1	148	138
2470	8	2471	218
9144	18	9137	211
4716	14	3447	056
2328	8	2329	224
9144	18	704	190
9144	18	708	184
9144	18	9139	194
1042	18	435	190
9144	18	1027	192
2253	8	2254	167
8385	23	2982	060
1538	1	148	025
1669	1	419	007
1042	18	435	179
1042	18	160	174
6195	19	1991	196
1042	18	715	197
1551	1	125	024
399	7	2229	193
2691	19	9149	184
9144	18	1031	193
1042	18	377	224
1042	18	297	181
1231	1	129	143
352	15	4973	113
2373	23	12511	065
4230	21	9462	228
2414	8	2415	227
9144	18	1031	190
9144	18	698	175
279	15	4973	007
9144	18	9140	183
9144	18	708	193
1042	18	297	163
1527	1	125	034
4	1	5	072
9144	18	1035	185
3250	21	9434	210
5209	15	4973	062
1042	18	715	211
8842	19	9149	202
9144	18	696	176
9144	18	9139	181
412	1	148	004
9436	21	9437	164
3790	14	4261	068
1042	18	715	226
2463	8	2464	168
1016	1	125	138
151	1	123	122
5063	15	4973	106
5331	15	4973	058
9512	21	9451	193
2287	8	2286	204
9144	18	137	169
2406	8	2407	223
1042	18	644	202
9144	18	1029	164
1042	18	377	212
1042	18	435	224
1410	1	122	077
1042	18	160	192
1042	18	568	186
9460	21	9434	226
965	1	148	062
2394	8	2395	190
2448	8	2447	212
1324	1	129	059
460	1	126	097
1042	18	377	176
1147	1	953	137
1042	18	1050	175
9144	18	137	229
3250	21	9434	214
2395	8	2394	221
1042	18	1651	165
8552	19	9149	173
573	1	574	135
8426	23	12511	129
1042	18	297	187
9144	18	9140	167
2244	8	2243	205
2287	8	2286	186
9460	21	9434	224
251	1	125	064
1453	15	4973	156
3923	23	12541	150
2369	8	2370	183
1047	1	148	060
69	0	70	174
1042	18	979	195
2990	19	9159	214
9144	18	9140	176
2463	8	2464	181
9076	23	2968	148
9144	18	1041	220
1042	18	409	185
1160	1	1142	138
1042	18	377	173
9144	18	9137	199
2990	19	9159	229
1042	18	568	173
69	0	70	228
2404	8	2405	230
2990	19	9159	172
2990	19	9159	205
69	0	70	170
2848	9	2733	080
9439	21	9434	211
1352	1	953	150
823	1	148	022
9144	18	1041	203
1238	1	122	084
1042	18	567	171
9386	23	12511	158
1042	18	645	213
2287	8	2286	195
1042	18	644	178
3236	23	12520	011
141	1	122	053
2430	8	2428	229
1858	19	969	204
1042	18	1467	219
2298	8	2300	170
9144	18	704	198
9144	18	1031	226
2410	8	2409	171
1490	1	353	092
2244	8	2243	185
1042	18	644	204
8842	19	9149	229
2406	8	2407	218
1042	18	1467	223
5099	15	4973	125
9144	18	1041	170
6400	19	9159	179
9144	18	9140	198
9144	18	1041	189
5201	15	4973	002
3097	11	3098	036
1042	18	979	192
1042	18	645	167
2990	19	9159	162
9144	18	9136	197
6195	19	1991	177
1042	18	876	174
1042	18	571	196
1421	1	125	044
9144	18	1029	225
2394	8	2395	201
1042	18	297	177
1042	18	409	218
9144	18	1031	201
2691	19	9149	213
2001	7	2239	216
2413	8	1879	218
9144	18	9137	204
9439	21	9434	208
2244	8	2243	191
9144	18	704	188
3620	14	3423	084
12528	23	12532	031
69	0	70	200
2441	8	2442	200
1042	18	489	187
9144	18	1027	179
1042	18	409	164
9508	21	9438	208
8552	19	9149	209
575	1	123	090
2394	8	2395	198
9144	18	1031	181
9144	18	1029	182
1392	1	129	004
1282	1	1210	089
2413	8	1879	215
2437	8	2436	221
1380	1	1142	085
69	0	70	162
2373	23	12511	060
1042	18	1651	170
3166	23	12532	081
8842	19	9149	193
1042	18	570	231
9144	18	137	170
1042	18	409	177
4764	21	9462	187
1042	18	1050	195
1042	18	567	213
1042	18	571	214
2001	7	2239	214
9144	18	137	230
1042	18	160	197
9144	18	137	163
9144	18	9137	164
1042	18	409	174
1042	18	489	186
1042	18	571	222
4230	21	9462	201
2268	8	2267	196
424	1	319	027
1147	1	1142	096
2424	8	2425	165
9144	18	9139	170
5233	15	4973	079
104	1	107	038
69	0	70	230
3250	21	9434	198
9144	18	708	188
2409	8	2410	170
9439	21	9434	206
2329	8	2328	223
6195	19	1991	180
455	1	126	129
813	1	148	144
9436	21	9437	183
7406	23	3023	127
1042	18	645	172
9144	18	1027	167
2286	8	2287	188
1042	18	568	225
9474	21	9475	187
8842	19	9149	221
9144	18	1031	163
2925	19	1926	167
11639	22	9912	147
69	0	70	193
6439	23	12515	006
2244	8	2243	187
2386	8	2385	205
2990	19	9159	223
1042	18	489	176
9144	18	1041	192
2424	8	2425	167
9144	18	704	227
9144	18	9140	220
1042	18	1551	195
2414	8	2415	225
2424	8	2425	171
1651	1	125	058
9144	18	9136	191
2691	19	9149	185
5243	15	4973	122
9144	18	1027	208
2373	8	2374	191
9144	18	1029	214
2310	19	1991	188
1042	18	1467	185
9144	18	695	230
8927	23	12541	008
2422	8	2423	213
2448	8	2447	217
2244	8	2243	192
5090	15	4973	066
1042	18	644	187
1042	18	1551	186
69	0	70	227
9144	18	1035	217
2990	19	9159	212
673	1	163	020
104	0	105	220
2394	8	2395	224
8842	19	9149	225
4764	21	9462	206
2267	8	2268	174
2424	8	2425	181
1042	18	1551	177
1380	1	953	152
1366	1	1142	033
1042	18	570	174
9144	18	9139	206
2394	8	2395	196
2358	8	2359	228
104	0	106	217
313	1	148	073
1042	18	1651	209
2277	8	2278	186
3250	21	9434	201
4230	21	9462	226
3346	21	9473	227
1042	18	876	186
775	1	123	108
2463	8	2464	180
3066	23	2982	156
8842	19	9149	199
1042	18	297	226
2394	8	2395	215
1143	1	953	048
2394	8	2395	211
1042	18	435	211
9144	18	1029	219
69	0	70	206
8842	19	9149	197
1042	18	567	201
1042	18	567	186
4230	21	9462	218
1042	18	567	182
1016	1	125	044
2456	8	2457	162
8385	23	3023	156
1042	18	297	168
9144	18	1040	230
1042	18	644	230
9144	18	9139	204
2691	19	9149	181
950	1	148	031
8552	19	9149	178
1042	18	160	224
1042	18	377	186
6400	19	9159	218
2309	8	2310	162
2463	8	2464	216
1042	18	377	220
1042	18	567	190
2990	19	9159	163
8842	19	9149	222
2886	11	3153	148
9144	18	1031	180
1015	1	148	144
2395	21	9462	203
1042	18	1467	198
9144	18	696	186
1042	18	435	175
2448	8	2462	203
1042	18	409	166
1042	18	489	204
1042	18	1467	212
1042	18	160	165
1141	1	953	081
9144	18	687	209
2463	8	2464	215
852	21	9473	231
1141	1	1142	102
254	1	148	112
2286	8	2287	190
3346	21	9473	218
1316	1	1210	099
1225	1	1210	086
9144	18	1035	216
1042	18	1651	184
1042	18	570	178
2330	8	2331	222
1042	18	1050	181
9144	18	137	205
1042	18	435	200
5188	15	4973	095
2330	8	2331	229
9144	18	1027	183
1042	18	1651	208
5071	15	4973	040
9144	18	1029	176
1042	18	645	171
1042	18	876	202
1042	18	297	223
1042	18	1651	191
3069	19	1926	229
9144	18	1041	187
1042	18	644	212
2463	8	2464	221
3084	11	3081	096
1042	18	1551	199
1042	18	571	165
2407	8	2406	226
1387	1	122	031
1042	18	571	220
3084	11	3081	109
1042	18	876	185
424	1	319	121
1042	18	1551	167
3346	21	9473	217
1421	1	126	119
2732	9	2733	148
1042	18	876	187
2463	8	2464	207
3069	19	1926	226
2310	19	1991	180
1042	18	644	206
9144	18	708	173
6371	23	3023	143
1042	18	876	165
9144	18	9140	162
2470	8	2471	214
9144	18	698	168
1042	18	377	181
9144	18	698	229
2990	19	9159	167
9144	18	687	201
1042	18	1467	195
9144	18	9138	224
4764	21	9462	205
104	0	105	228
1054	1	129	005
9144	18	1035	171
104	0	106	203
104	0	106	212
9144	18	1029	227
9436	21	9437	228
2424	8	2425	173
2441	8	2442	199
9144	18	137	180
104	0	105	224
1042	18	979	190
1544	1	148	130
104	1	107	098
4764	21	9462	186
1042	18	1651	181
9144	18	698	167
2463	8	2464	177
1336	1	122	043
9144	18	698	177
2424	8	2425	205
6599	23	12547	003
2463	8	2464	185
1518	1	123	094
9144	18	9138	185
9144	18	687	221
9144	18	9140	165
676	1	122	054
3138	19	9157	172
6195	19	1991	172
1042	18	645	197
1564	1	122	021
1879	8	2413	218
9236	23	12508	104
3192	12	2175	087
5090	15	4973	161
2424	8	2425	193
3138	19	9157	176
399	7	2231	166
9144	18	9136	217
297	1	125	048
2243	8	2244	182
1143	15	4973	154
1042	18	1050	221
2413	8	1879	217
1042	18	377	165
9144	18	9139	230
1042	18	568	224
9144	18	698	202
2287	8	2286	209
8272	23	2975	086
5250	15	4973	077
9144	18	1027	229
1042	18	571	210
2286	8	2287	211
2441	8	2442	193
9144	18	687	181
1042	18	645	224
9144	18	1031	167
1042	18	979	215
3250	21	9434	206
9144	18	137	198
9144	18	687	166
1042	18	644	213
1042	18	297	190
8943	23	3023	051
1042	18	1651	215
4269	14	4270	093
390	1	163	134
9144	18	687	220
673	1	163	045
9144	18	1029	211
1651	1	125	021
9144	18	708	178
1042	18	435	206
2400	8	2401	180
8842	19	9149	231
3250	21	9434	202
217	1	148	070
2394	8	2395	206
9144	18	137	204
9144	18	696	229
2205	7	2206	228
2407	8	2406	210
1042	18	1467	225
1042	18	567	177
475	1	148	145
9144	18	708	219
5303	15	4973	089
9436	21	9437	215
1042	18	979	222
6195	19	1991	176
8552	19	9149	187
9144	18	9136	184
2277	8	2278	182
2448	8	2447	222
9144	18	9136	223
2409	8	2410	172
1866	19	1991	177
2456	8	2457	167
9144	18	1035	187
1042	18	715	216
2691	19	9149	175
1042	18	979	188
2244	8	2243	178
1410	1	123	153
1042	18	570	216
2463	8	2464	225
9144	18	687	210
1413	1	123	115
4764	21	9462	191
9144	18	1031	189
9144	18	1035	184
1127	1	846	103
1042	18	645	227
2967	23	3007	000
1042	18	715	214
2330	8	2331	228
1350	1	129	153
5136	15	4973	154
1042	18	377	194
1042	18	160	204
9144	18	1035	203
6195	19	1991	166
1565	1	148	133
1377	1	953	023
2420	8	2421	214
2287	8	2286	207
3166	23	12532	141
1042	18	160	200
909	1	148	136
3138	19	9157	175
1042	18	1551	222
1042	18	1467	181
1042	18	567	191
9144	18	9137	187
1042	18	570	164
2395	21	9462	208
9144	18	698	185
4764	21	9462	169
1042	18	568	200
9144	18	9138	213
399	7	2230	191
2719	9	2721	160
5289	15	4973	107
1042	18	160	167
1042	18	160	189
9144	18	698	172
9144	18	9137	218
1648	1	123	156
458	15	4973	091
9144	18	9137	202
1334	1	1210	127
104	0	106	163
2348	8	2349	186
965	1	148	108
2133	6	2040	131
1042	18	645	207
1152	1	953	143
1322	1	129	051
9144	18	1029	180
9144	18	9138	228
3250	21	9434	173
1042	18	570	169
1521	1	148	106
1538	1	148	054
2442	8	2441	190
1042	18	571	217
9144	18	1029	206
1858	19	969	206
1354	1	125	045
3409	21	9434	172
813	1	148	038
4764	21	9462	230
9144	18	696	168
9144	18	696	172
2925	19	1926	224
9144	18	9136	185
2395	21	9462	215
2328	8	2329	220
1282	1	129	015
2691	19	9149	198
1042	18	568	216
571	1	125	042
957	1	125	010
2410	8	2409	172
6400	19	9159	180
1042	18	297	213
1042	18	876	181
9144	18	9139	202
2447	8	2448	210
9386	23	12511	151
2265	8	2266	227
1042	18	715	186
2691	19	9149	188
9144	18	698	174
69	0	70	169
2406	8	2407	220
1042	18	489	191
4441	14	3710	079
9144	18	1031	178
475	1	148	031
9144	18	708	189
318	1	319	080
1042	18	435	192
4	1	5	113
9144	18	1035	179
2456	8	2457	163
104	0	105	227
3138	19	9157	178
280	1	282	083
9144	18	9136	196
9144	18	9136	179
1042	18	568	169
2732	12	3195	097
399	7	2230	180
9144	18	1041	206
1042	18	876	223
1042	18	570	175
982	1	148	023
1042	18	377	166
1042	18	1467	221
1042	18	876	162
1042	18	567	187
2267	8	2268	192
1042	18	1050	196
2395	21	9462	190
104	0	106	207
1236	1	129	024
1042	18	644	181
9144	18	9136	230
1648	1	123	155
1042	18	570	202
458	1	125	067
1042	18	1467	176
9144	18	9138	174
1160	1	1161	028
8385	23	3023	019
9144	18	9137	228
996	1	122	063
2333	8	2332	231
1042	18	876	227
6195	19	1991	195
2287	8	2286	176
9144	18	9139	198
2395	21	9462	213
350	1	163	066
2447	8	2448	213
9144	18	137	215
1042	18	1050	218
2943	21	9462	225
3388	21	9473	229
1042	18	1050	168
2925	19	1926	223
9144	18	696	163
2373	23	12511	117
8552	19	9149	186
4598	14	3447	062
9236	23	12508	108
1171	15	4973	113
1858	19	969	220
3346	21	9473	223
5102	15	4973	022
1042	18	435	208
9144	18	9137	167
1392	1	129	062
2990	23	12502	001
9436	21	9437	196
1167	1	953	023
9144	18	1031	215
9144	18	698	206
9144	18	9137	177
4230	21	9462	227
1042	18	1050	164
9144	18	698	191
9144	18	1029	218
3069	19	1926	223
6400	19	9159	212
5267	15	4973	126
10310	22	10308	147
2943	21	9462	206
2463	8	2464	227
2373	8	2374	186
2404	8	2405	201
9144	18	1035	224
3250	21	9434	212
1042	18	160	220
9144	18	1029	174
2395	8	2394	208
9144	18	695	231
2405	8	2404	204
1042	18	1651	163
9144	18	1031	177
1213	1	1210	103
1042	18	876	184
2394	8	2395	199
9144	18	708	174
2243	8	2244	192
4598	14	3447	111
3244	21	9473	219
1042	18	489	230
1202	1	125	046
2422	8	2423	214
2277	8	2278	187
1042	18	1050	171
1042	18	570	163
9144	18	9140	185
2373	8	2374	177
1042	18	435	162
266	1	148	041
6400	19	9159	204
9144	18	698	196
1042	18	571	207
1645	1	126	109
1042	18	1551	183
9144	18	137	185
6400	19	9159	199
1243	1	1142	114
2990	19	9159	190
2287	8	2286	216
5186	15	4973	139
2244	8	2243	202
9144	18	1041	212
9144	18	1027	194
2691	23	3023	011
2990	19	9159	222
203	1	122	078
1042	18	571	194
69	0	70	221
2943	21	9462	215
9144	18	1027	210
270	1	122	040
1042	18	160	162
1165	1	953	058
1042	18	1050	190
1042	18	1651	182
9144	18	9139	224
1042	18	570	187
1042	18	1551	230
1042	18	297	216
2394	8	2395	204
2424	8	2425	192
3250	21	9434	185
7293	19	1926	208
9522	21	9442	189
9144	18	9138	199
2395	8	2394	204
104	0	106	221
1042	18	160	177
9144	18	708	220
9144	18	9138	209
1042	18	1551	185
2370	8	2369	184
8756	23	12511	033
1042	18	876	220
3288	21	9435	218
9144	18	1027	214
1042	18	567	208
1866	19	1991	165
1042	18	297	220
2925	19	1926	163
2420	8	2421	217
1042	18	409	186
9144	18	1035	226
9144	18	1041	223
2286	8	2287	213
3343	21	9473	223
2395	8	2394	203
2424	8	2425	199
1042	18	1467	220
3250	21	9434	203
2470	8	2471	225
4370	14	3710	011
1042	18	571	195
1042	18	409	228
2463	8	2464	201
3929	14	3822	103
571	1	125	084
3020	23	12514	106
11316	22	9589	155
2990	19	9159	184
69	0	70	198
1866	19	1991	188
1042	18	1651	217
1054	1	129	050
2406	8	2407	224
2278	8	2277	182
2472	8	2374	204
9144	18	9137	194
968	1	408	063
2925	19	1926	170
3352	21	9473	207
2244	8	2243	179
9144	18	1029	222
69	0	70	218
1042	18	570	165
2333	8	2332	228
4370	14	3710	120
352	15	4973	038
1042	18	435	198
992	1	123	097
3345	21	9473	218
2448	8	2447	229
9144	18	9136	183
947	1	123	135
9144	18	704	213
4764	21	9462	208
4764	21	9462	224
9144	18	687	173
104	0	105	231
1042	18	571	197
8842	19	9149	220
9144	18	704	221
6400	19	9159	202
1042	18	409	189
1042	18	715	184
9144	18	1029	221
1042	18	1551	188
2298	8	2300	176
1042	18	160	196
9144	18	1029	162
2414	8	2415	216
5093	15	5095	129
4764	21	9462	173
1042	18	377	182
3352	21	9473	219
2404	8	2405	228
5262	15	4973	131
9144	18	1031	179
1042	18	1467	193
1042	18	409	224
9144	18	1029	192
9144	18	698	183
2404	8	2405	211
2990	23	12502	031
104	0	106	176
104	0	106	227
2409	8	2410	175
9144	18	9138	225
2394	8	2395	193
1042	18	715	171
1160	1	1161	040
1182	1	1142	114
2833	9	2636	151
2691	19	9149	214
1279	1	129	067
9144	18	9140	219
430	1	148	096
2462	8	2448	202
2286	8	2287	184
6878	23	12520	040
1042	18	1551	220
1042	18	876	214
1042	18	571	163
9144	18	698	182
9144	18	698	169
3352	21	9473	213
2287	8	2286	192
6195	19	1991	201
1042	18	979	199
1042	18	644	162
2925	19	1926	184
2422	8	2423	210
1042	18	1467	190
10066	22	9701	156
2925	19	1926	214
9144	18	1041	214
69	0	70	211
9144	18	9137	198
1042	18	571	211
9144	18	687	212
6400	19	9159	186
2244	8	2243	201
1042	18	435	186
5115	15	4973	086
9144	18	9136	195
3250	21	9434	213
1042	18	1467	211
2395	8	2394	199
2278	8	2277	186
11065	22	9643	152
9436	21	9437	214
104	0	106	218
9144	18	1031	205
2691	19	9149	206
2310	19	1991	190
9144	18	696	210
1388	1	1210	111
2287	8	2286	182
1042	18	1050	216
9144	18	1027	200
9144	18	1031	229
1444	1	123	106
9144	18	9138	186
2468	8	2469	220
1042	18	1651	174
965	1	148	085
5331	15	4973	069
3069	19	1926	208
9144	18	687	204
2463	8	2464	213
685	1	687	049
2333	8	2332	230
9144	18	9139	227
9144	18	137	171
1042	18	570	199
9436	21	9437	207
104	0	106	206
352	15	4973	039
9144	18	9137	213
1042	18	160	175
1042	18	979	170
9144	18	696	230
9018	23	3023	040
1397	1	148	056
2463	8	2464	214
1042	18	715	201
655	1	419	050
2925	19	1926	190
4230	21	9462	206
1042	18	645	222
2990	19	9159	203
8552	19	9149	189
9144	18	687	191
2268	8	2267	182
1042	18	297	200
2205	7	2206	230
4370	14	3710	040
9144	18	9138	189
1042	18	645	214
9144	18	708	221
1042	18	715	212
2245	8	2246	165
1042	18	571	175
9144	18	1027	213
2404	8	2405	205
2409	8	2410	167
1042	18	297	201
3244	21	9473	230
2205	7	2206	224
1042	18	1551	179
2463	8	2464	203
1198	1	953	142
5303	15	4973	121
2409	8	2410	173
1042	18	1551	191
2267	8	2268	195
2395	21	9511	204
8842	19	9149	194
4598	14	3447	063
1248	1	122	065
104	0	106	195
1182	1	953	148
1658	1	163	141
69	0	70	176
69	0	70	212
4598	14	3447	010
9144	18	696	181
1042	18	489	229
1042	18	297	174
1858	19	969	215
350	1	163	118
1042	18	435	189
2437	8	2467	213
1517	1	148	070
2310	19	1991	185
962	1	163	067
1042	18	567	231
1042	18	876	216
9144	18	1041	178
1171	1	953	016
2925	19	1926	198
2462	8	2448	196
3346	21	9473	224
1042	18	377	214
425	1	319	127
2429	8	2428	219
9144	18	696	164
1042	18	1050	184
2691	19	9149	189
2404	8	2405	210
1042	18	409	202
9144	18	9139	199
982	1	148	129
2943	21	9462	222
9144	18	1027	205
1042	18	409	229
1042	18	1651	222
1042	18	715	169
104	0	106	188
9144	18	1027	188
69	0	70	224
9144	18	708	217
1042	18	715	175
2405	8	2404	229
2373	8	2374	167
3352	21	9473	209
9144	18	696	211
1042	18	715	168
5061	15	4973	007
12528	23	12532	143
2243	8	2244	172
6195	19	1991	167
2253	8	2254	164
2395	8	2394	205
9144	18	9138	202
2373	8	2374	187
2373	8	2374	173
1042	18	876	191
2287	8	2286	218
9144	18	1041	222
9144	18	686	230
504	1	148	138
9144	18	687	208
6878	23	12520	011
2925	19	1926	226
968	1	408	003
1380	1	953	072
2424	8	2425	183
2414	8	2415	192
5119	15	4985	080
2447	8	2448	220
2448	8	2447	221
9144	18	9139	177
468	1	126	103
2395	8	2394	192
6400	19	9159	220
2001	7	2239	218
3843	14	3791	056
9144	18	9138	198
1042	18	489	168
2330	8	2331	224
1042	18	876	163
141	1	123	093
1587	1	122	049
9144	18	9137	186
2244	8	2243	173
3388	21	9473	228
7997	23	2982	046
2278	8	2277	192
104	0	106	181
3409	21	9434	175
69	0	70	191
1042	18	1050	189
7293	19	1926	200
1042	18	570	168
69	0	70	185
1042	18	160	210
9144	18	704	177
9144	18	704	167
2405	8	2404	210
1042	18	409	216
9144	18	1041	224
1866	19	1991	166
3250	21	9434	191
6195	19	1991	202
1042	18	377	172
6400	19	9159	210
9144	18	9137	170
1042	18	1050	229
1042	18	297	169
2424	8	2425	197
2463	8	2464	199
460	1	125	139
1042	18	645	211
3345	21	9473	231
9144	18	708	181
2121	6	2042	160
9144	18	1031	219
2990	23	12502	060
2925	19	1926	166
3148	11	3120	070
9144	18	704	174
2990	19	9159	206
7790	23	12511	008
2691	19	9149	172
9144	18	9139	221
9144	18	9136	201
6195	19	1991	188
2406	8	2407	219
1042	18	979	218
9144	18	704	207
1415	1	148	143
1011	1	123	154
8751	23	12508	143
2691	19	9149	178
2463	8	2464	179
5064	15	4973	085
2463	8	2464	190
104	0	106	204
9144	18	137	202
9144	18	9138	166
1042	18	1467	166
9144	18	696	218
1238	1	1210	004
2287	8	2286	212
1042	18	1050	177
9144	18	9136	220
6400	19	9159	211
4764	21	9462	181
1236	1	129	010
3409	21	9434	176
6195	19	1991	173
9144	18	698	193
4230	21	9462	199
9144	18	1035	182
2422	8	2423	204
9144	18	9138	173
1042	18	567	220
203	1	123	119
1160	1	1142	119
1042	18	377	225
9144	18	1029	203
2268	8	2267	186
2243	8	2244	200
1042	18	644	220
1042	18	567	192
1042	18	568	177
5266	15	4973	073
1042	18	568	183
8552	19	9149	206
5222	15	4973	111
1042	18	876	179
2413	8	1879	212
9441	21	9457	210
2001	7	2239	204
9144	18	698	162
6529	23	3023	078
9144	18	9140	193
2848	23	12523	023
2990	19	9159	198
7293	19	1926	199
9144	18	698	215
5279	15	4973	014
1042	18	645	202
1184	1	953	081
8842	19	9149	224
2369	8	2370	180
3253	21	9435	228
1668	1	163	109
3345	21	9473	222
344	1	123	097
2404	8	2405	197
1042	18	1651	223
9144	18	708	223
1042	18	979	211
1042	18	568	171
8842	19	9149	227
1042	18	568	215
1355	1	953	021
2943	21	9462	210
9144	18	708	207
1042	18	377	189
9144	18	696	198
1206	1	125	081
2447	8	2448	209
1042	18	297	225
69	0	70	188
1042	18	1551	229
203	1	123	087
2243	8	2244	193
1042	18	297	194
9144	18	9139	187
8842	19	9149	230
1042	18	160	218
1042	18	409	223
1141	1	953	027
9144	18	1027	215
1354	1	1142	050
1042	18	570	179
2404	8	2405	203
3620	14	3609	132
9436	21	9437	197
8842	19	9149	192
2373	8	2374	175
2447	23	12501	093
2268	8	2267	189
2395	8	2394	218
9144	18	9138	218
1042	18	645	177
1042	18	567	197
430	1	148	135
673	15	4973	023
9144	18	9138	226
2984	10	2946	105
2463	8	2464	194
2400	8	2401	184
1042	18	377	207
1042	18	1651	205
8842	19	9149	214
2370	8	2369	173
2925	19	1926	162
194	1	148	037
2265	8	2266	217
4568	23	2946	024
1042	18	489	178
2267	8	2268	191
1042	18	1050	180
5201	15	4973	063
2370	8	2369	172
9144	18	704	166
9436	21	9437	222
1042	18	160	209
2413	8	1879	216
1042	18	645	194
9144	18	1041	210
1858	19	969	224
1042	18	377	230
1153	1	953	021
1042	18	715	210
2286	8	2287	220
1042	18	409	226
8842	19	9149	204
104	0	106	180
2001	7	2239	221
1042	18	876	188
1042	18	876	213
9144	18	1041	163
2265	8	2266	173
3420	14	3423	051
9144	18	137	176
9144	18	698	226
2287	8	2286	191
1042	18	979	162
1278	1	129	134
2990	19	9159	185
3346	21	9473	222
3250	21	9434	188
9144	18	9140	166
1042	18	489	220
1042	18	1651	167
1476	1	148	152
3148	11	3120	127
2409	8	2410	168
2268	8	2267	187
1042	18	715	187
996	1	123	101
9144	18	137	195
1042	18	571	169
8751	23	12508	055
1042	18	979	228
485	1	148	159
1324	1	129	023
8842	19	9149	201
2406	8	2407	228
5205	15	4973	038
2253	8	2254	171
1042	18	1551	190
1042	18	876	230
9144	18	687	165
1042	18	409	196
138	1	125	067
2448	8	2447	220
3069	19	1926	220
2990	19	9159	177
3352	21	9473	205
9144	18	9136	207
9144	18	704	194
9144	18	137	193
2298	8	2300	186
2001	7	2239	222
1542	1	148	057
9144	18	696	184
2925	19	1926	218
2378	17	7119	152
5131	15	4973	078
2373	8	2374	171
2429	8	2428	217
2395	8	2394	198
2243	8	2244	183
9144	18	698	189
104	0	105	222
9144	18	1041	171
2463	8	2464	189
9144	18	9136	178
3069	19	1926	207
5250	15	4973	035
4	1	5	107
2395	21	9462	224
1042	18	1467	217
2437	8	2436	223
9144	18	687	168
9439	21	9440	211
2463	8	2464	171
8692	23	12516	127
1042	18	435	174
996	1	122	074
1042	18	979	227
2298	8	2300	173
1042	18	568	179
1042	18	645	168
3388	21	9473	227
1042	18	876	207
5131	15	4973	054
7178	23	12511	032
2691	19	9149	182
2691	19	9149	173
9144	18	1027	189
9144	18	698	220
1042	18	409	230
3160	11	3098	003
1231	1	1210	114
1042	18	1651	169
1302	1	129	007
9144	18	9140	207
2407	8	2406	211
1042	18	567	172
7293	19	1926	205
2925	19	1926	172
655	1	419	019
1651	1	125	065
9144	18	708	227
9144	18	1029	220
3345	21	9473	221
9144	18	9140	174
3069	19	1926	206
9144	18	1035	212
2442	8	2441	186
9144	18	1029	177
770	1	125	021
1042	18	645	210
1042	18	435	226
1042	18	644	215
9436	21	9437	180
1042	18	645	208
209	1	148	142
9144	18	9140	206
9144	18	1029	217
1042	18	571	181
1042	18	979	187
9144	18	9138	179
4989	15	4973	135
9144	18	1041	216
1042	18	644	199
2286	8	2287	209
2990	19	9159	165
3826	23	2996	131
2691	19	9149	179
2373	23	12511	070
2405	8	2404	223
214	1	125	057
254	1	148	011
9144	18	9138	210
1355	1	953	060
5331	15	4973	147
1330	1	1210	107
8006	23	2949	047
2268	8	2267	190
9144	18	9140	187
2404	8	2405	231
2691	19	9149	197
2373	8	2374	179
2925	19	1926	203
1042	18	567	198
1170	1	953	151
2463	8	2464	208
1042	18	297	179
2943	21	9462	208
7293	19	1926	226
8552	19	9149	196
2298	8	2300	189
8272	23	2975	031
9144	18	696	194
399	7	2230	187
280	1	282	068
1042	18	1651	225
9144	18	1031	170
2407	8	2406	220
9144	18	1029	165
2358	8	2359	225
1202	1	953	042
399	7	2229	196
1037	1	696	105
8842	19	9149	189
2409	8	2410	169
4764	21	9462	220
1514	1	148	049
4764	21	9462	172
2298	8	2300	195
1042	18	1651	216
11316	22	9589	068
1042	18	435	182
2463	8	2464	198
2101	6	2040	085
2369	8	2370	172
9144	18	698	163
3346	21	9473	221
9144	18	9140	191
3250	21	9434	180
1050	1	125	020
5064	15	4973	070
525	15	4973	158
9144	18	1027	186
9144	18	687	179
5173	15	4973	135
9144	18	687	163
297	1	125	013
1042	18	715	207
1042	18	1651	178
1042	18	1467	171
9144	18	1031	216
3346	21	9473	226
3358	21	9473	223
1042	18	644	176
9144	18	704	165
2205	7	2206	223
9144	18	1031	173
1662	1	125	160
1236	1	1210	105
9144	18	9137	223
2395	8	2394	209
3020	23	12514	109
2420	8	2421	219
6195	19	1991	179
1042	18	377	200
1380	1	1142	103
2404	8	2405	198
2268	8	2267	180
11316	22	9589	119
1042	18	297	185
1223	1	1210	059
9144	18	696	180
8692	23	12526	039
7293	19	1926	209
4441	14	3710	120
7293	19	1926	202
9144	18	704	191
455	1	126	066
3382	21	9435	204
4230	21	9462	220
2369	8	2370	177
138	1	125	144
9144	18	9137	208
5205	15	4973	110
2463	8	2464	202
2925	19	1926	225
2298	8	2300	171
1042	18	571	204
1376	1	1142	098
2463	8	2464	176
9144	18	9137	227
1042	18	160	227
9144	18	1034	231
9144	18	1041	227
425	1	319	038
2298	8	2300	163
2472	8	2374	205
7293	19	1926	212
1042	18	409	180
1042	18	1651	214
1042	18	568	172
9531	21	9442	182
1042	18	435	171
1042	18	570	228
1166	1	953	068
8516	23	2981	047
1042	18	570	230
2448	8	2447	225
3343	21	9473	222
2267	8	2268	179
1042	18	409	171
3250	21	9434	194
458	1	126	105
525	15	4973	093
1192	1	953	156
104	0	105	229
2410	8	2409	165
5126	15	4973	091
9144	18	1029	193
9144	18	698	219
9144	18	9137	195
1042	18	645	186
2405	8	2404	216
2298	8	2300	167
3843	14	3791	013
7293	19	1926	227
951	1	148	147
2245	8	2246	163
1355	1	953	148
9441	21	9451	207
2437	8	2467	211
2472	8	2374	209
7293	19	1926	229
9144	18	9136	171
9144	18	696	191
9144	18	9138	206
1042	18	1651	187
8552	19	9149	174
2424	8	2425	191
1042	18	409	215
1042	18	297	175
399	7	2231	167
2310	19	1991	177
2441	8	2442	196
1042	18	644	201
1188	1	1142	065
9512	21	9457	194
8552	19	9149	191
2404	8	2405	229
1042	18	409	198
1042	18	297	182
5063	15	4973	119
1042	18	568	219
9144	18	9140	182
9144	18	687	169
1042	18	570	200
1042	18	1050	222
3346	21	9473	215
1533	1	419	112
9144	18	9137	206
1042	18	160	207
8385	23	2982	020
1585	1	163	073
1233	1	122	021
2990	19	9159	218
525	15	4973	066
9144	18	9136	186
399	7	2229	197
9144	18	137	200
2407	8	2406	228
1453	15	4973	029
5102	15	4973	043
705	1	687	135
5099	15	4973	109
1042	18	644	177
2424	8	2425	170
249	1	148	144
9436	21	9437	230
6400	19	9159	216
1042	18	567	184
2394	8	2395	212
2463	8	2464	172
9386	23	12511	024
485	1	148	034
9144	18	9137	178
1042	18	409	176
5269	15	4973	036
1042	18	409	220
3057	23	2946	113
69	0	70	201
2246	8	2245	163
802	1	123	132
8842	19	9149	209
1858	19	969	229
1042	18	1651	189
8842	19	9149	206
1858	19	969	231
2395	8	2394	200
8552	19	9149	203
9144	18	1034	230
4911	14	4117	098
7293	19	1926	224
9436	21	9437	189
1042	18	567	181
2463	8	2464	175
1042	18	645	195
1042	18	377	222
1042	18	571	188
1858	19	969	207
525	15	4973	010
2216	7	2206	229
9144	18	9138	162
1042	18	645	215
1042	18	489	223
399	7	2231	174
2298	8	2300	174
2428	8	2429	219
9144	18	696	167
2447	8	2448	225
1213	1	1210	128
1039	1	1041	065
5130	15	4973	156
8842	19	9149	184
1042	18	571	225
1042	18	568	164
1658	1	163	159
9144	18	9139	179
9144	18	9139	163
1042	18	644	168
2244	8	2243	199
2369	8	2370	178
12528	23	12532	020
1042	18	567	215
8552	23	3023	015
2330	8	2331	226
5233	15	4973	085
1042	18	568	199
1514	1	148	093
1042	18	1467	201
1590	1	123	132
3409	21	9434	166
9144	18	1035	178
703	1	704	067
4764	21	9462	190
909	1	148	098
231	1	123	122
2298	8	2300	165
2405	8	2404	199
1042	18	979	203
9218	23	12508	112
9144	18	137	226
9144	18	9139	212
5166	15	4973	153
4764	21	9462	203
525	15	4973	020
646	1	122	039
5289	15	4973	019
1042	18	644	225
1042	18	644	221
2268	8	2267	185
104	0	106	171
4230	21	9462	231
996	1	123	143
2990	19	9159	186
424	1	319	108
1042	18	1050	223
7195	23	12531	146
455	1	125	040
2410	8	2409	174
2267	8	2268	176
2424	8	2425	184
2437	8	2467	214
9144	18	137	181
9144	18	1041	182
7293	19	1926	210
2441	8	2442	181
9144	18	137	218
2287	8	2286	206
9018	23	3023	094
1348	1	953	145
2244	8	2243	197
2328	8	2329	221
3069	19	1926	225
1858	19	969	225
2463	8	2464	206
104	0	106	209
1514	1	148	101
1042	18	645	163
7687	23	12511	063
2405	8	2404	224
1042	18	568	190
1042	18	979	219
9144	18	1027	187
1042	18	979	213
8426	23	12511	119
104	0	105	221
9144	18	708	192
1042	18	435	202
2395	8	2394	207
9144	18	9139	225
1042	18	570	197
104	0	106	179
2414	8	2415	220
1042	18	567	204
1200	1	953	068
2265	8	2266	175
2358	8	2359	230
1544	1	148	046
946	1	163	089
2400	8	2401	187
2265	8	2266	177
1193	1	953	013
573	15	5095	157
9144	18	9140	215
1152	1	953	069
9144	18	9137	197
250	1	148	152
8842	19	9149	186
2407	8	2406	221
8842	19	9149	200
2990	23	12502	099
1648	1	122	061
1564	1	123	117
1042	18	1651	173
9144	18	1031	175
2463	8	2464	210
3069	19	1926	200
9144	18	9139	220
10066	22	9701	161
1042	18	409	209
1042	18	377	179
9144	18	9139	214
1042	18	1050	220
9236	23	12508	033
1182	1	1142	103
3250	21	9434	204
1042	18	377	204
1042	18	568	189
8552	19	9149	165
9144	18	1035	223
1042	18	715	195
6599	23	12547	016
104	0	106	197
7790	23	12511	033
9144	18	1041	174
2943	21	9462	227
9144	18	1035	207
7975	23	3023	032
9144	18	9136	229
229	15	5057	112
139	1	125	082
9144	18	708	201
9144	18	9140	229
9144	18	704	216
69	0	70	215
1042	18	715	208
468	1	126	127
9144	18	9139	176
1042	18	570	203
2358	8	2359	229
399	7	2231	162
1415	1	148	039
4598	14	3447	042
9144	18	1029	194
3826	23	2996	058
1042	18	645	218
9144	18	687	178
2468	8	2469	218
9144	18	1027	211
9144	18	9139	164
9144	18	1031	172
1042	18	1467	188
1042	18	1551	192
2691	23	3023	007
1258	1	129	006
2691	19	9149	164
2990	19	9159	231
69	1	72	087
12528	23	12532	161
5269	15	4973	103
2277	8	2278	183
655	1	419	121
69	0	70	216
1233	1	122	024
1042	18	1651	221
2406	8	2407	226
9144	18	687	228
2925	19	1926	228
5126	15	4973	041
1042	18	409	187
1042	18	570	182
9144	18	1027	198
1413	1	123	099
2448	8	2462	199
2925	19	1926	194
1042	18	160	166
1042	18	435	165
2943	21	9462	211
2358	8	2359	226
1042	18	570	229
5317	15	4973	149
9144	18	708	213
2424	8	2425	206
2422	8	2423	217
69	0	70	205
9436	21	9437	184
1042	18	567	229
2691	19	9149	220
2358	8	2359	208
9144	18	1031	206
9144	18	1027	191
9144	18	1041	168
9144	18	9140	200
104	0	106	187
7293	19	1926	197
8552	19	9149	167
1042	18	297	184
3250	21	9434	179
1042	18	377	184
1042	18	570	211
1042	18	645	229
1042	18	160	194
2244	8	2243	194
9436	21	9437	185
1042	18	571	202
1042	18	489	185
104	0	106	219
2385	8	2386	200
104	0	106	215
11316	22	9589	149
2436	8	2437	223
9144	18	1029	169
2422	8	2423	218
993	1	122	009
1042	18	377	221
1173	15	4973	114
9436	21	9437	213
409	1	125	053
9144	18	704	224
1042	18	377	206
4230	21	9462	215
2404	8	2405	199
1042	18	571	215
69	0	70	180
1202	1	125	035
2286	8	2287	216
1042	18	571	190
9144	18	1029	207
1042	18	876	217
9144	18	9140	227
9144	18	704	170
2822	9	2529	138
1521	1	148	095
7293	19	1926	195
2691	19	9149	210
399	7	2230	176
9144	18	9137	179
2373	8	2374	166
69	0	70	182
2287	8	2286	193
3250	21	9434	196
2990	19	9159	225
3040	23	3023	005
3236	23	12520	095
2463	8	2464	174
1042	18	715	203
2244	8	2243	174
8426	23	12511	141
9436	21	9437	163
609	1	419	046
1387	1	122	066
1042	18	377	211
1566	1	148	058
1254	1	1210	088
2691	19	9149	162
1227	1	129	025
9144	18	687	218
9144	18	698	173
160	1	125	012
9144	18	9140	171
2405	8	2404	225
4547	14	3450	098
3843	14	3791	091
9144	18	9137	189
4394	14	3791	130
399	7	2230	185
1042	18	489	188
9144	18	708	191
587	1	126	123
9144	18	1027	196
8272	23	2975	063
2405	8	2404	221
1042	18	571	230
69	1	74	151
1256	1	129	031
9144	18	9136	166
345	1	123	161
1360	1	953	023
1042	18	1050	167
2310	19	1991	167
685	1	687	061
158	1	148	033
139	1	125	042
3250	21	9434	192
2424	8	2425	196
1042	18	1467	177
9144	18	704	196
1042	18	377	177
3250	21	9434	162
1042	18	567	221
1042	18	570	213
2287	8	2286	181
1345	1	953	152
104	0	106	189
2441	8	2442	189
9144	18	698	199
1042	18	377	164
7570	23	12516	131
1042	18	571	173
2462	8	2448	199
2330	8	2331	217
9144	18	1041	201
2244	8	2243	182
2369	8	2370	175
4963	17	4312	150
9144	18	698	224
9144	18	9137	184
9144	18	696	222
9144	18	698	187
2133	6	2040	101
1279	1	1210	117
1289	1	1210	100
2424	8	2425	178
6195	19	1991	183
8552	19	9149	195
1042	18	570	162
1042	18	435	228
9144	18	9136	194
2370	8	2369	171
69	0	70	187
3358	21	9473	231
1042	18	571	209
2442	8	2441	197
1042	18	1050	227
2410	8	2409	176
2472	8	2374	207
2405	8	2404	207
646	1	123	112
69	0	70	226
1287	1	129	041
1236	1	129	076
1042	18	644	174
9144	18	708	169
1042	18	1050	217
5085	15	4973	061
9144	18	708	209
104	0	106	174
9144	18	698	214
2373	8	2374	162
646	1	122	081
9144	18	708	222
3250	21	9434	175
1042	18	568	174
1042	18	876	222
1042	18	567	179
8692	23	12516	011
2990	19	9159	224
9144	18	9138	217
3409	21	9434	170
2286	8	2287	205
1042	18	377	209
399	7	2229	192
1166	1	1142	089
1173	1	953	074
9144	18	9138	169
9144	18	1035	214
2442	8	2441	191
2287	8	2286	200
1453	1	419	154
9144	18	708	170
1042	18	1551	201
9144	18	1035	200
697	1	698	038
9144	18	687	183
9144	18	9139	167
1042	18	568	226
4230	21	9462	207
9144	18	9137	220
2298	8	2300	179
6400	19	9159	230
9144	18	1027	203
4370	14	3710	100
1042	18	1050	207
7079	23	12511	096
4230	21	9462	209
1879	8	2413	214
3345	21	9473	225
1042	18	377	163
2421	8	2420	210
9144	18	698	218
1866	19	1991	187
5130	15	4973	117
1042	18	1050	182
1042	18	160	195
1322	1	129	016
1042	18	435	223
4764	21	9462	180
1490	1	353	038
2310	19	1991	172
1042	18	1551	181
761	1	123	127
1866	19	1991	176
9144	18	1029	195
11065	22	10458	152
9144	18	137	175
8552	19	9149	176
3345	21	9473	223
2369	8	2370	179
5267	15	4973	092
5267	15	4973	028
9144	18	708	203
1042	18	568	209
1566	1	148	083
6400	19	9159	215
4764	21	9462	226
9144	18	708	179
69	0	70	208
1042	18	1651	201
9144	18	9136	213
1453	15	4973	018
425	1	319	108
9144	18	9136	221
1141	1	1142	109
4074	14	3791	119
1042	18	1050	225
646	1	122	021
2441	8	2442	197
1377	1	953	030
9144	18	9140	222
8426	23	12511	059
9144	18	1035	165
1042	18	1467	168
1223	1	122	014
2421	8	2420	219
9144	18	9139	192
1042	18	1551	194
5134	15	4973	156
2447	8	2448	222
3828	14	3811	110
9144	18	708	186
1042	18	571	224
4230	21	9462	216
1866	19	1991	180
1042	18	570	214
235	1	148	121
2286	8	2287	179
1042	18	1551	219
5209	15	4973	013
7293	19	1926	198
1042	18	489	224
9144	18	708	218
2243	8	2244	186
9144	18	1029	187
399	7	2230	181
2243	8	2244	184
1325	1	129	137
6195	19	1991	185
1042	18	567	193
716	1	148	042
2470	8	2471	224
2414	8	2415	208
1042	18	1467	216
9045	23	2982	134
9144	18	1035	183
1042	18	160	225
1042	18	160	184
2265	8	2266	172
9144	18	9138	196
1879	8	2413	216
2407	8	2406	214
2414	8	2415	197
2463	8	2464	226
476	1	148	022
9144	18	1031	223
9436	21	9437	202
1042	18	570	188
1545	1	148	095
8426	23	12511	107
1042	18	489	206
280	1	282	091
6195	19	1991	187
5126	15	4973	020
3082	11	3083	125
2245	8	2246	164
1509	1	123	140
1042	18	409	203
2409	8	2410	164
2463	8	2464	212
2422	8	2423	211
2990	19	9159	215
5240	15	4973	041
9144	18	687	222
9144	18	687	196
9144	18	687	176
1565	1	148	148
6878	23	12520	054
1042	18	1050	224
1042	18	645	206
4824	14	3710	157
5273	15	4973	126
1042	18	568	176
2278	8	2277	187
4764	21	9462	177
1042	18	568	211
1042	18	1050	187
2990	19	9159	227
11372	22	9589	033
1042	18	567	180
1042	18	1551	193
9436	21	9437	217
9144	18	1035	222
1042	18	297	186
9144	18	9137	201
9460	21	9434	225
8842	23	3023	034
9144	18	696	192
2287	8	2286	188
1042	18	645	219
1042	18	979	224
7293	19	1926	213
5114	15	4973	042
9144	18	137	223
1036	1	1027	021
1866	19	1991	181
9144	18	1029	168
1042	18	571	198
2349	8	2348	185
1042	18	1467	189
104	0	106	162
4764	21	9462	167
9144	18	9140	210
505	1	148	100
1515	1	148	102
2244	8	2243	176
3138	19	9157	169
1206	1	953	008
2421	8	2420	211
4764	21	9462	166
1042	18	1050	215
2330	8	2331	219
9144	18	708	202
4764	21	9462	215
9144	18	696	197
575	1	123	108
9144	18	9136	175
2268	8	2267	183
4074	14	3791	134
1042	18	377	183
2373	8	2374	165
9144	18	1035	167
964	1	148	025
1042	18	409	210
1042	18	160	205
1042	18	715	209
2205	7	2206	231
1042	18	409	227
4989	15	4973	157
703	1	704	034
1042	18	979	185
3343	21	9473	220
9144	18	1035	196
1042	18	715	164
5025	15	4973	102
1042	18	645	173
9144	18	698	188
3942	14	3696	117
9070	23	2982	121
1042	18	160	215
2472	8	2374	206
9144	18	136	230
9144	18	1029	191
2267	8	2268	194
2990	19	9159	219
9144	18	704	168
1042	18	1467	230
2447	8	2448	231
1042	18	567	211
2442	8	2441	188
1576	1	419	105
5215	15	4973	070
1313	1	129	157
9144	18	708	208
2448	8	2447	227
7570	23	12516	114
2349	8	2348	186
710	1	122	010
1042	18	876	164
3117	11	3098	098
6400	19	9159	209
9144	18	9137	205
2265	8	2266	224
9515	21	9457	189
9144	18	9136	203
2442	8	2441	192
2373	8	2374	169
1042	18	160	199
1042	18	570	176
9144	18	704	212
1042	18	1050	165
1042	18	489	221
1042	18	876	177
2286	8	2287	189
9144	18	704	199
9144	18	1035	188
2286	8	2287	201
9144	18	1041	191
9436	21	9437	192
1421	1	126	132
2333	8	2332	229
2278	8	2277	194
3250	21	9434	189
9144	18	9136	193
2395	21	9462	192
2244	8	2243	184
9144	18	1031	230
2405	8	2404	202
712	1	163	085
2244	8	2243	190
1042	18	297	229
69	0	70	183
1042	18	645	228
9144	18	9140	192
468	1	125	009
9144	18	9139	175
3057	23	2946	080
1042	18	1050	198
3069	19	1926	193
1042	18	567	225
1042	18	377	198
1042	18	409	206
9436	21	9437	218
2244	8	2243	211
3250	21	9434	200
9144	18	9140	216
1042	18	377	168
2410	8	2409	163
9436	21	9437	203
1858	19	969	212
3358	21	9473	224
2244	8	2243	203
4441	14	3710	009
9144	18	1035	218
2394	8	2395	221
9436	21	9437	229
9144	18	9138	191
2278	8	2277	189
1310	1	1210	099
9144	18	9137	222
3138	19	9157	182
1255	1	129	059
3020	23	12514	084
2925	19	1926	200
2370	8	2369	176
1042	18	1050	174
6400	19	9159	188
1866	19	1991	162
2394	8	2395	207
2990	19	9159	164
2310	19	1991	181
1415	1	148	086
1533	1	419	092
1042	18	435	221
6400	19	9159	223
2373	8	2374	172
2298	8	2300	193
1042	18	571	231
3345	21	9473	224
9144	18	1031	202
1042	18	571	191
992	1	122	022
1518	1	122	051
3352	21	9473	206
1042	18	876	168
830	1	148	026
985	1	148	034
2990	19	9159	179
1666	1	125	148
7406	23	3023	067
1042	18	1050	231
9144	18	708	176
9144	18	9140	170
1042	18	979	201
918	1	148	100
1042	18	297	202
1286	1	129	073
6195	19	1991	174
1167	1	953	032
1042	18	571	208
1042	18	435	195
2407	8	2406	219
1042	18	435	209
1039	1	1041	084
1042	18	409	167
775	1	123	135
2243	8	2244	191
3066	23	2982	087
1042	18	489	207
2925	19	1926	211
2348	8	2349	183
1042	18	715	166
3057	23	2946	011
1042	18	1651	183
455	1	125	015
2405	8	2404	214
2925	19	1926	205
9144	18	9139	209
4764	21	9462	218
9045	23	2982	110
9144	18	1031	169
8760	23	12508	068
9144	18	696	228
1174	1	953	039
9144	18	1041	209
9144	18	9140	188
5294	15	4973	000
9144	18	9138	215
5289	15	4973	082
2943	21	9462	231
2463	8	2464	222
1042	18	1651	176
9436	21	9437	219
1287	1	129	053
2442	8	2441	194
1042	18	715	218
1042	18	571	171
1042	18	645	198
2406	8	2407	214
3250	21	9434	172
9144	18	696	203
8552	19	9149	207
1042	18	715	229
4911	14	4117	042
9144	18	9136	218
571	1	125	070
9495	21	9457	199
2441	8	2442	190
1151	1	953	019
3244	21	9473	224
1042	18	160	201
1042	18	645	174
158	1	148	017
2409	8	2410	171
9144	18	698	207
2732	12	3195	152
9144	18	9138	205
2205	7	2206	229
5009	15	4973	147
2441	8	2442	184
1042	18	377	187
9144	18	9138	187
2244	8	2243	207
9144	18	1031	210
9144	18	696	212
4764	21	9462	223
2330	8	2331	227
4598	14	3447	158
1042	18	1050	202
3160	11	3098	127
1042	18	570	220
2395	8	2394	190
1042	18	570	208
9144	18	9136	205
5109	15	5110	120
1359	1	129	071
2373	8	2374	184
69	0	70	231
9144	18	1027	170
9144	18	137	173
1042	18	1551	169
2369	8	2370	174
1342	1	953	066
9144	18	698	197
6529	23	2952	032
1151	1	1142	096
1415	1	163	128
2405	8	2404	227
9144	18	137	194
9306	23	12511	118
3250	21	9434	222
9459	21	9451	192
3066	23	12524	029
1042	18	979	180
1042	18	876	204
9144	18	137	199
1042	18	1551	203
1042	18	1651	164
2470	8	2471	219
1042	18	1467	208
313	1	148	116
2243	8	2244	201
2358	8	2359	219
203	1	123	139
1509	1	129	039
992	1	122	130
2395	21	9462	221
3345	21	9473	217
1042	18	644	214
2369	8	2370	182
1042	18	715	165
9144	18	708	168
9144	18	9137	221
1289	1	129	022
2395	8	2394	193
9144	18	137	183
8955	23	2939	064
2395	21	9462	196
399	7	2229	199
1042	18	571	172
9144	18	698	194
3250	21	9434	229
1042	18	160	182
9144	18	9136	174
2330	8	2331	230
5085	15	4973	106
6195	19	1991	175
2358	8	2359	210
6973	23	2996	059
1410	1	122	049
2990	19	9159	200
69	0	70	186
1042	18	435	197
6195	19	1991	182
1042	18	1551	216
104	1	107	004
2405	8	2404	220
3250	21	9434	165
4764	21	9462	183
3250	21	9434	178
817	1	148	125
1047	1	148	125
2407	8	2406	217
1042	18	297	176
8552	19	9149	172
2244	8	2243	175
104	0	106	208
2990	19	9159	181
104	0	106	193
5126	15	4973	161
9144	18	9137	214
6195	19	1991	184
3352	21	9473	215
399	7	2231	163
1042	18	567	210
3352	21	9473	216
1866	19	1991	167
1042	18	1050	203
1042	18	297	215
2990	19	9159	199
6529	23	3023	066
1042	18	876	201
8842	19	9149	205
1042	18	1551	164
1042	18	435	168
2943	21	9462	218
2395	8	2394	214
9144	18	1041	202
2310	19	1991	164
9144	18	696	224
9144	18	1029	170
9144	18	9139	203
4764	21	9462	198
104	0	106	211
5273	15	4973	153
1518	1	123	138
2373	8	2374	180
4442	14	4034	147
9144	18	1035	215
2462	8	2448	197
1366	1	1142	042
9144	18	9136	173
9144	18	704	214
9144	18	1029	215
3250	21	9434	193
1666	1	126	114
8552	19	9149	184
2462	8	2448	195
3943	14	3696	159
1171	1	953	005
9144	18	1029	230
9144	18	1041	219
8385	23	2982	063
9144	18	9140	226
6195	19	1991	198
12528	23	12532	080
2404	8	2405	220
1042	18	644	183
1553	1	123	127
2463	8	2464	229
1042	18	571	176
1152	1	953	021
1042	18	297	224
1355	1	953	012
2277	8	2278	185
2286	8	2287	218
1042	18	160	223
2463	8	2464	209
1042	18	1050	191
1509	1	129	014
2691	19	9149	204
1275	1	129	135
2429	8	2428	216
3343	21	9473	229
1042	18	567	166
104	0	106	213
817	1	148	075
673	15	4973	012
2395	8	2394	223
2925	19	1926	173
2358	8	2359	214
1042	18	568	197
1042	18	1551	165
951	1	148	039
2470	8	2471	213
8667	23	3023	141
1042	18	1050	192
9680	22	9544	004
9144	18	698	216
6529	23	3023	102
2404	8	2405	224
1127	1	846	049
3244	21	9473	227
7293	19	1926	216
1042	18	567	216
9144	18	698	204
1042	18	644	218
9144	18	704	220
9144	18	1027	221
8552	19	9149	175
5172	15	4973	010
2925	19	1926	201
1858	19	969	203
2394	8	2395	210
3189	12	2040	047
2463	8	2464	231
1042	18	435	229
4978	15	4973	155
7293	19	1926	217
1042	18	1551	182
9144	18	696	165
2437	8	2436	220
9680	22	9544	108
1042	18	568	198
7293	19	1926	219
1042	18	568	162
2414	8	2415	223
1042	18	489	208
9144	18	9136	210
209	1	148	145
2405	8	2404	201
1042	18	1467	210
2447	8	2448	221
2448	8	2447	214
69	0	70	220
2253	8	2254	168
2243	8	2244	212
2691	19	9149	218
2373	8	2374	189
9144	18	698	190
4370	14	3710	151
1042	18	1050	176
1198	1	1142	091
1042	18	297	214
2333	8	2332	227
1042	18	489	179
9144	18	708	195
1366	1	1142	024
2001	7	2239	208
4974	15	4973	094
4307	14	3479	138
5186	15	4973	123
8943	23	3023	065
1153	1	953	144
2348	8	2349	185
4764	21	9462	168
1359	1	129	157
1042	18	489	173
9144	18	1041	164
6439	23	2956	102
2286	8	2287	214
9144	18	704	162
9144	18	708	162
2370	8	2369	170
9436	21	9437	172
2990	19	9159	170
1042	18	1651	211
9144	18	1031	194
8842	19	9149	213
1544	1	148	063
2447	8	2448	215
69	0	70	222
1576	1	419	109
1042	18	1651	219
2463	8	2464	217
1583	1	122	018
1042	18	1467	165
1545	1	148	083
9144	18	698	165
3409	21	9434	162
2243	8	2244	210
3069	19	1926	214
3323	21	9435	210
6973	23	2996	021
2424	8	2425	204
2373	8	2374	193
9144	18	9136	226
9144	18	9136	199
2265	8	2266	228
9144	18	687	225
3409	21	9434	163
2395	21	9462	201
504	1	148	133
1444	1	123	090
2441	8	2442	187
8782	17	6634	160
7975	23	3023	082
2421	8	2420	208
575	1	123	154
5090	15	4973	010
2329	8	2328	220
2424	8	2425	168
2287	8	2286	174
9144	18	704	197
2395	21	9462	198
5093	15	5095	121
1042	18	1050	173
2463	8	2464	169
1042	18	979	223
9144	18	9139	165
2990	19	9159	192
1042	18	1467	207
1042	18	1050	170
1858	19	969	221
1042	18	1651	197
9144	18	1027	220
2848	9	2733	125
1042	18	715	176
9144	18	704	228
2448	8	2447	211
1566	1	148	134
2990	19	9159	193
4598	14	3447	027
9144	18	1041	167
9144	18	704	184
1042	18	567	207
2065	6	2040	032
9144	18	1031	186
9144	18	9140	186
2309	8	2310	164
2925	19	1926	191
6400	19	9159	221
9144	18	9137	215
1042	18	1467	215
1516	15	4973	158
7195	23	12531	116
2691	19	9149	171
9144	18	9139	200
1858	19	969	214
4	1	5	045
4764	21	9462	229
1566	1	148	100
121	1	123	114
1042	18	979	212
9144	18	1027	172
11316	22	9589	123
1042	18	571	206
1042	18	1467	204
2448	8	2447	226
1042	18	377	201
2243	8	2244	177
104	0	106	164
2395	21	9462	214
2373	8	2374	199
1042	18	1050	197
2424	8	2425	176
9144	18	687	180
9144	18	708	165
1533	1	419	008
2298	8	2300	190
8006	23	2949	043
1334	1	129	022
9144	18	1035	186
1042	18	568	229
2404	8	2405	222
1042	18	1467	163
9144	18	698	186
4764	21	9462	227
2422	8	2423	219
1292	1	129	033
9144	18	687	162
1236	1	129	085
1042	18	1551	171
3420	14	3423	113
2414	8	2415	221
3069	19	1926	199
9144	18	708	225
9144	18	9140	180
1224	1	129	137
1042	18	715	185
352	1	353	151
6400	19	9159	184
1042	18	1050	214
280	1	282	109
3250	21	9434	216
1858	19	969	205
2405	8	2404	226
1042	18	377	216
1519	1	148	095
2437	8	2436	225
1287	1	1210	093
9144	18	9139	185
9144	18	1041	169
1042	18	645	190
1042	18	1651	213
4764	21	9462	195
9144	18	9139	196
161	1	163	138
9144	18	1035	168
69	0	70	197
9144	18	687	202
9144	18	1041	211
1042	18	160	187
3250	21	9434	217
1527	1	125	054
468	1	125	034
2394	8	2395	214
3250	21	9434	187
2463	8	2464	196
6400	19	9159	181
9144	18	1031	221
1042	18	297	231
9144	18	1035	199
2925	19	1926	202
1042	18	160	183
3250	21	9434	190
2394	8	2395	189
9144	18	698	195
9144	18	687	211
2395	8	2394	215
1223	1	122	063
1173	1	953	144
1042	18	571	212
2428	8	2430	227
2437	8	2467	212
9144	18	708	211
9144	18	1035	213
1282	1	1210	095
3250	21	9434	186
1042	18	571	162
9144	18	9137	171
2442	8	2441	196
5209	15	4973	060
1542	1	148	058
8552	19	9149	208
3250	21	9434	223
2405	8	2404	231
1042	18	1467	224
9144	18	137	196
2414	8	2415	195
5222	15	4973	146
6439	23	2956	106
6195	19	1991	169
8842	19	9149	207
2406	8	2407	216
1042	18	876	209
1042	18	644	170
399	7	2231	175
2925	19	1926	193
2943	21	9462	212
2392	8	2393	195
2373	23	12511	107
4230	21	9462	203
1042	18	567	200
1042	18	1467	173
2216	7	2206	225
1042	18	1651	230
104	0	106	183
1042	18	570	218
1042	18	876	182
3097	11	3098	044
394	1	148	103
9144	18	1041	190
1042	18	979	206
2990	19	9159	180
1042	18	715	177
7079	23	12511	093
9144	18	1027	209
1042	18	409	191
5136	15	4973	026
9144	18	708	214
2442	8	2441	189
2990	19	9159	171
9144	18	9137	162
3069	19	1926	192
2404	8	2405	223
2436	8	2437	225
9144	18	137	174
1042	18	409	221
1042	18	570	170
6400	19	9159	213
1042	18	489	200
9144	18	9138	227
2268	8	2267	179
9144	18	9140	189
9144	18	9136	224
9144	18	9136	212
2287	8	2286	203
9144	18	704	175
1042	18	1467	178
2286	8	2287	207
1042	18	1467	222
5222	15	4973	050
2286	8	2287	210
2405	8	2404	230
654	1	129	017
1042	18	568	181
962	1	163	029
9144	18	698	223
9436	21	9437	191
485	1	148	084
1042	18	435	193
2424	8	2425	203
1042	18	1467	226
9144	18	9136	187
9144	18	9139	207
2405	8	2404	217
2265	23	2982	116
2447	8	2448	214
1042	18	567	169
2287	8	2286	215
2268	8	2267	184
2243	8	2244	190
2925	19	1926	217
2404	8	2405	200
9144	18	696	205
9144	18	1029	171
9144	18	9138	175
6195	19	1991	193
1042	18	377	178
5279	15	4973	036
3244	21	9473	220
418	1	419	105
1042	18	297	218
9144	18	687	203
132	1	122	017
1011	1	122	018
69	0	70	202
1042	18	570	173
2310	19	1991	166
9144	18	9140	223
1042	18	1551	166
9144	18	137	164
5109	15	5110	107
9144	18	9136	176
9144	18	9138	195
104	1	107	139
9144	18	9140	230
5215	15	4973	059
9144	18	687	184
1042	18	377	215
2393	8	2392	194
2456	8	2457	169
9144	18	687	215
2442	8	2441	187
1039	1	1041	073
9144	18	696	221
1042	18	979	214
2385	8	2386	204
1866	19	1991	172
4230	21	9462	223
2414	8	2415	199
9144	18	698	225
297	1	125	024
9144	18	708	166
9144	18	9139	197
2253	8	2254	162
8272	23	2975	123
2463	8	2464	228
1042	18	570	172
1160	1	1161	084
1042	18	876	211
8989	23	12508	147
1147	1	953	027
1042	18	435	219
4764	21	9462	210
9144	18	687	188
2691	19	9149	208
214	1	125	064
11372	22	9589	103
9144	18	704	229
5289	15	4973	159
69	0	70	213
952	1	129	005
4764	21	9462	207
1348	1	1161	068
9144	18	708	172
2943	21	9462	216
2394	8	2395	219
1042	18	979	189
9144	18	137	201
2332	8	2333	225
2286	8	2287	175
2848	23	12523	013
2265	8	2266	220
1042	18	876	219
9144	18	9139	178
2278	8	2277	183
1042	18	377	226
1042	18	570	193
1354	1	953	150
1042	18	644	229
9144	18	137	213
2310	19	1991	186
1373	1	1142	131
1421	1	125	140
2409	8	2410	176
1352	1	1161	031
6400	19	9159	231
1262	1	129	027
5173	15	4973	118
2395	21	9462	189
1289	1	129	138
3409	21	9434	174
1042	18	644	209
161	1	163	113
9144	18	137	207
104	0	105	223
541	1	282	135
2447	8	2448	224
9144	18	1041	225
6195	19	1991	170
2277	8	2278	192
1286	1	129	149
1042	18	567	175
654	1	123	124
2358	8	2359	220
2369	8	2370	170
1042	18	1467	172
1042	18	297	197
2286	8	2287	176
430	1	148	024
8842	19	9149	191
1564	1	122	085
2852	23	2952	150
8426	23	12511	035
3250	21	9434	215
1042	18	297	193
2373	8	2374	192
2243	8	2244	180
2330	8	2331	218
1858	19	969	219
775	1	122	060
2820	9	2515	141
8552	19	9149	200
2990	23	12502	084
132	1	123	133
645	1	125	044
2990	19	9159	213
1453	15	4973	057
5279	15	4973	086
1042	18	1050	228
1202	1	953	052
781	1	148	080
1042	18	489	169
3346	21	9473	220
2348	8	2349	184
9144	18	9136	225
4394	14	3791	028
3046	23	2928	029
9144	18	708	226
2310	19	1991	170
1042	18	570	205
2447	8	2448	229
1042	18	979	197
229	15	4988	051
3250	21	9434	220
69	0	70	199
9144	18	137	208
3069	19	1926	213
2330	8	2331	225
4764	21	9462	164
8842	19	9149	185
1262	1	129	020
1042	18	567	206
9436	21	9437	227
950	1	148	029
9144	18	1029	190
9436	21	9437	206
2436	8	2437	220
9144	18	9139	218
1042	18	645	216
9144	18	9138	180
957	1	125	137
2216	7	2206	228
1866	19	1991	164
1042	18	160	198
2463	8	2464	192
1042	18	377	219
458	1	126	132
1042	18	568	228
1042	18	715	167
2310	19	1991	182
9144	18	1027	185
104	0	106	173
1238	1	1210	012
9144	18	698	213
104	0	106	229
2407	8	2406	227
2943	21	9462	224
1042	18	644	208
104	0	106	192
1042	18	568	208
6400	19	9159	227
823	1	148	125
1517	1	148	080
1042	18	489	225
9144	18	1031	208
3250	21	9434	163
9144	18	137	217
9526	21	9451	195
9144	18	1027	206
104	0	106	200
1858	19	969	230
9144	18	1035	189
2421	8	2420	217
9144	18	137	177
2409	8	2410	165
1042	18	568	231
3343	21	9435	220
2420	8	2421	209
1042	18	1467	175
3250	21	9434	228
104	0	106	226
1042	18	570	184
2470	8	2471	220
399	7	2229	200
9144	18	687	185
9144	18	9139	222
9144	18	1027	224
2925	19	1926	171
4547	14	3450	018
2437	8	2467	209
2267	8	2268	185
977	1	353	160
104	0	106	220
2310	19	1991	175
2286	8	2287	203
2133	6	2040	107
9144	18	1027	225
1042	18	876	212
139	1	125	004
5085	15	4973	091
3236	23	12520	046
450	1	148	013
9144	18	9136	208
2395	21	9462	194
504	1	148	023
6400	19	9159	208
9144	18	708	180
2414	8	2415	196
12545	23	2952	107
2430	8	2428	227
3250	21	9434	221
1668	1	163	152
1330	1	1210	128
1042	18	409	219
2310	19	1991	192
1248	1	122	040
9144	18	9137	209
1382	1	953	062
2925	19	1926	216
1382	1	953	032
705	1	687	122
1042	18	1651	194
7997	23	2982	143
2216	7	2206	222
1042	18	435	231
1042	18	297	173
2448	8	2447	219
1042	18	377	228
9144	18	1041	198
1042	18	644	211
2448	8	2447	210
9144	18	687	230
6400	19	9159	197
1042	18	1651	206
9144	18	9136	228
4230	21	9462	214
1042	18	435	210
1042	18	1467	186
2441	8	2442	185
8385	23	2982	110
1042	18	1467	192
1042	18	644	198
2691	23	3023	001
8552	19	9149	171
1042	18	570	207
2244	8	2243	208
1666	1	125	135
1042	18	715	170
8552	19	9149	163
2001	7	2239	220
2395	21	9462	204
2421	8	2420	218
9390	23	12511	054
9436	21	9437	204
2463	8	2464	170
1206	1	1142	008
2414	8	2415	207
2462	8	2448	198
9144	18	1027	226
1042	18	567	227
1042	18	297	196
1858	19	969	209
1250	1	122	081
9144	18	696	175
7570	23	12516	024
1213	1	129	157
609	1	419	158
9144	18	9140	201
1042	18	567	195
1042	18	567	205
982	1	148	028
2243	8	2244	207
1042	18	1651	210
1042	18	377	180
69	0	70	184
1866	19	1991	173
2456	8	2457	165
3069	19	1926	215
1042	18	876	195
9144	18	708	224
9144	18	9140	173
9144	18	1035	210
2332	8	2333	228
998	1	148	047
1410	1	122	016
2244	8	2243	183
5222	15	4973	149
470	1	125	142
2373	8	2374	195
1042	18	409	205
9390	23	12511	131
9144	18	1035	205
541	1	282	041
2405	8	2404	209
1042	18	979	175
8842	19	9149	183
1328	1	122	036
9144	18	1031	212
9144	18	698	205
104	0	106	175
1042	18	645	179
1042	18	1050	210
9144	18	1035	176
3069	19	1926	202
9144	18	696	201
3352	21	9473	210
2925	19	1926	185
1042	18	489	198
9144	18	1031	195
1042	18	1651	166
2373	8	2374	181
266	1	148	154
2267	8	2268	188
9144	18	698	164
9144	18	1027	228
3138	19	9157	179
1976	6	2040	153
2278	8	2277	190
1042	18	567	224
2395	8	2394	194
138	15	4973	087
2395	21	9462	210
9144	18	1041	175
1042	18	567	223
5070	15	4973	002
1284	1	129	021
1016	1	125	073
4764	21	9462	189
104	0	106	205
484	1	148	011
9144	18	698	179
2691	19	9149	205
8787	23	2975	154
2101	6	2040	141
1587	1	122	076
826	1	148	102
1173	15	4973	128
9144	18	696	179
9144	18	1035	204
455	1	126	092
2395	21	9462	209
2286	8	2287	177
2244	8	2243	212
2414	8	2415	219
1042	18	160	193
8552	19	9149	194
1042	18	1467	206
1289	1	1210	121
104	0	106	196
3358	21	9473	229
9144	18	698	171
9460	21	9434	228
399	7	2230	183
4230	21	9462	221
9144	18	1027	184
9144	18	9139	226
1042	18	876	173
1042	18	1467	164
1576	1	419	114
104	0	106	228
2244	8	2243	204
4269	14	4270	150
69	0	70	168
1042	18	489	213
2310	19	1991	171
1042	18	644	167
1042	18	876	203
2286	8	2287	208
9144	18	1041	217
9144	18	9140	164
1421	1	125	048
5212	15	4973	009
160	1	125	045
1042	18	409	231
1042	18	377	199
9144	18	1027	182
4764	21	9462	162
9459	21	9457	195
3403	21	9435	213
9144	18	1035	173
1267	1	129	020
525	15	4973	008
1444	1	129	033
2424	8	2425	201
9144	18	9137	169
9144	18	1029	209
2448	8	2462	202
1415	1	163	106
1397	1	148	087
9144	18	9139	210
1042	18	377	188
9436	21	9437	179
2246	8	2245	165
2448	8	2462	204
1042	18	409	178
1519	1	148	113
2404	8	2405	209
9144	18	9139	180
2395	8	2394	219
1042	18	644	193
1221	1	1210	042
2268	8	2267	174
250	1	148	062
9144	18	1027	162
9144	18	687	174
69	0	70	210
104	0	106	172
3420	14	3423	084
5090	15	4973	024
9144	18	1031	209
8842	19	9149	195
2286	8	2287	186
1042	18	876	206
1042	18	567	188
9144	18	9139	191
1042	18	297	230
9144	18	137	222
5205	15	4973	147
231	1	123	155
1565	1	148	142
1397	1	148	132
2691	19	9149	176
1042	18	1467	180
9144	18	1029	179
1011	1	122	070
1042	18	1651	192
394	1	148	130
1042	18	409	208
2691	19	9149	165
963	1	148	039
9144	18	1035	211
9144	18	9137	210
9144	18	9139	205
9144	18	698	228
2447	8	2448	223
1042	18	489	167
2691	19	9149	209
6529	23	3023	040
2414	8	2415	206
9144	18	9137	180
2278	8	2277	188
104	1	107	090
2448	8	2462	195
1042	18	644	226
1042	18	160	202
2286	8	2287	217
1042	18	644	219
1858	19	969	222
1348	1	1161	011
1042	18	570	190
1042	18	567	228
2691	19	9149	190
1042	18	435	188
1042	18	489	201
2358	8	2359	223
1042	18	571	187
9144	18	1031	225
1042	18	571	170
2286	8	2287	192
1042	18	645	205
1042	18	568	187
1165	1	1142	053
1042	18	568	203
9144	18	9139	183
1042	18	571	168
2214	7	2215	230
1248	1	122	004
1042	18	571	213
2848	23	12523	029
8552	19	9149	168
9144	18	698	181
352	1	353	147
1042	18	160	188
9144	18	704	219
251	1	125	055
7293	19	1926	206
1042	18	409	190
2447	8	2448	226
9144	18	1041	165
1042	18	876	171
9144	18	696	183
1042	18	568	206
9144	18	1041	179
2395	21	9462	195
3250	21	9434	207
2332	8	2333	227
1171	15	4973	118
9144	18	696	209
2463	8	2464	184
2441	8	2442	182
1042	18	377	229
8552	19	9149	181
1042	18	645	185
2424	8	2425	186
1042	18	567	165
5291	15	4973	133
998	1	148	102
1527	1	126	106
2330	8	2331	220
1042	18	715	191
2428	8	2429	218
5136	15	4973	013
9144	18	696	215
1042	18	876	224
1042	18	409	163
9144	18	1029	183
2463	8	2464	173
4764	21	9462	219
2463	8	2464	195
9144	18	704	183
1153	1	953	030
9144	18	696	214
1042	18	567	189
1042	18	979	173
4394	14	3791	038
9144	18	1027	177
2430	8	2428	228
9144	18	704	185
9144	18	9136	192
3345	21	9473	220
1042	18	571	203
1042	18	297	206
1295	1	129	007
8667	23	3023	042
4764	21	9462	217
9436	21	9437	167
1042	18	715	221
3352	21	9473	214
1042	18	715	172
1258	1	1210	108
69	0	70	207
3069	19	1926	222
7570	23	12516	044
2437	8	2436	224
9144	18	704	217
9144	18	1041	215
9144	18	9136	170
9144	18	708	200
4568	23	2946	001
1042	18	715	193
1042	18	876	208
1042	18	568	178
9144	18	696	220
2287	8	2286	184
1042	18	1467	187
9144	18	137	197
1042	18	160	171
1042	18	644	164
69	0	70	229
5064	15	4973	014
2395	21	9462	223
6973	23	2996	003
8552	19	9149	204
2424	8	2425	163
3244	21	9473	223
9144	18	704	187
2394	8	2395	192
9144	18	9137	219
9144	18	137	192
430	1	148	040
9144	18	137	182
1566	1	148	033
2268	8	2267	188
9144	18	696	187
1548	1	148	017
9144	18	1041	181
399	7	2230	179
104	0	106	222
1042	18	567	168
9144	18	1029	199
1641	1	148	140
1042	18	876	228
1342	1	953	056
1042	18	570	209
9144	18	9140	214
104	0	106	223
8842	19	9149	203
9144	18	1035	177
9144	18	687	194
9144	18	708	185
5215	15	4973	092
2001	7	2239	205
2393	8	2392	197
2414	8	2415	191
9144	18	1035	195
2691	19	9149	200
4764	21	9462	214
9144	18	687	199
9144	18	1031	199
1042	18	571	192
2001	7	2239	215
1042	18	645	178
7195	23	12531	100
6973	23	2996	149
5009	15	4973	104
1042	18	1651	195
1295	1	129	059
1042	18	715	206
9436	21	9437	199
3069	19	1926	216
9436	21	9437	195
1042	18	644	203
1042	18	489	194
9144	18	1041	205
2358	8	2359	216
1282	1	1210	127
1042	18	297	211
2943	21	9462	220
3069	19	1926	205
7079	23	12511	101
2310	19	1991	195
1386	1	129	083
1310	1	1210	124
2373	8	2374	196
2424	8	2425	202
9144	18	136	231
9144	18	1027	195
4764	21	9462	216
3338	21	9473	230
2358	8	2359	218
7997	23	2982	152
1042	18	645	217
9144	18	9138	183
9144	18	1035	166
2373	8	2374	194
9144	18	137	190
9144	18	698	230
1042	18	570	217
2404	8	2405	204
568	1	125	006
2243	8	2244	173
209	1	148	117
9144	18	1029	229
2422	8	2423	221
2404	8	2405	196
1042	18	645	203
9144	18	1041	185
1042	18	1467	184
1645	1	125	016
3352	21	9473	211
1527	1	126	130
2925	19	1926	189
1042	18	489	189
8842	19	9149	196
1042	18	489	219
1640	1	126	102
3244	21	9473	225
1042	18	435	173
2373	8	2374	174
132	1	123	098
2468	8	2469	219
9144	18	1041	221
1042	18	435	177
9144	18	9140	202
1042	18	1651	231
8842	19	9149	198
1042	18	567	170
5269	15	4973	148
2358	8	2359	221
2447	8	2448	211
2943	21	9462	221
9144	18	1029	181
2243	8	2244	195
1042	18	876	183
9144	18	9140	228
1042	18	571	218
9144	18	696	170
2472	8	2374	211
1042	18	1467	183
1545	1	148	068
2310	19	1991	163
2405	8	2404	222
2414	8	2415	194
9144	18	9138	177
2404	8	2405	215
2463	8	2464	188
12528	23	12532	061
1042	18	489	174
2407	8	2406	225
1042	18	644	190
9144	18	1031	188
4230	21	9462	213
1209	1	129	138
5331	15	4973	150
1042	18	377	185
2278	8	2277	184
2405	8	2404	218
1042	18	645	165
3066	23	2982	144
1042	18	1551	227
350	1	163	030
4764	21	9462	184
203	1	122	074
1416	1	123	114
1042	18	297	207
2442	8	2441	199
4764	21	9462	197
2925	19	1926	210
2244	8	2243	172
1042	18	567	203
2370	8	2369	174
2448	8	2462	201
9144	18	696	190
1042	18	1651	175
2463	8	2464	193
4764	21	9462	196
1174	1	953	151
1042	18	409	193
1042	18	567	199
3250	21	9434	176
2373	23	12511	046
1260	1	1210	092
1189	1	1142	106
1042	18	570	183
1042	18	570	201
1042	18	645	181
2395	21	9462	222
9506	21	9451	208
947	1	163	047
6371	23	3023	019
1042	18	645	221
9144	18	9136	214
2407	8	2406	218
1042	18	567	173
9144	18	1031	222
2404	8	2405	206
1143	15	4973	002
1338	1	129	160
8499	23	12511	101
5025	15	4973	087
1587	1	122	039
1648	1	122	028
350	1	163	115
1042	18	979	196
6400	19	9159	190
1042	18	1651	212
6878	23	12520	060
1042	18	1551	225
2943	21	9462	226
2001	7	2239	207
1042	18	1551	208
9144	18	696	189
1042	18	644	169
1042	18	409	182
1042	18	377	170
1042	18	979	208
977	1	353	158
2395	8	2394	222
1042	18	571	227
2925	19	1926	179
4764	21	9462	209
1336	1	129	143
1042	18	570	196
138	15	4973	073
4230	21	9462	205
6371	23	3023	028
1042	18	715	163
9144	18	9138	190
69	0	70	225
2400	8	2401	181
6195	19	1991	178
1444	1	129	058
104	0	106	167
2463	8	2464	218
673	1	163	033
1514	1	148	128
2286	8	2287	182
2404	8	2405	226
1042	18	570	215
1042	18	979	225
2373	8	2374	190
1042	18	979	168
2462	8	2448	204
2286	8	2287	187
9144	18	9137	230
1042	18	160	169
9144	18	9136	190
2414	8	2415	205
9144	18	687	219
2370	8	2369	178
2287	8	2286	197
5126	15	4973	102
1640	1	125	085
2463	8	2464	223
5172	15	4973	001
2358	8	2359	207
9436	21	9437	193
5099	15	4973	082
2414	8	2415	228
2472	8	2374	212
104	0	106	190
3809	14	3811	102
474	1	148	006
2373	8	2374	164
1042	18	435	184
2243	8	2244	205
1042	18	1050	199
2990	19	9159	210
2420	8	2421	208
6400	19	9159	226
1042	18	567	217
2822	14	3475	134
9144	18	686	231
2404	8	2405	221
9436	21	9437	231
4074	14	3791	143
1042	18	297	212
2349	8	2348	183
2370	8	2369	177
3236	23	12520	150
152	1	123	101
1042	18	979	226
2400	8	2401	185
1386	1	129	152
3069	19	1926	219
2429	8	2428	215
1042	18	409	183
1585	1	163	102
1866	19	1991	168
9144	18	9136	209
9144	18	1031	182
993	1	122	067
3358	21	9473	226
1042	18	645	212
2205	7	2206	227
3358	21	9473	220
9144	18	696	202
9144	18	708	212
1042	18	1651	188
1042	18	1467	196
1042	18	160	181
825	1	123	161
3409	21	9434	165
3343	21	9473	231
1198	1	1142	102
9144	18	9139	182
1858	19	969	208
2286	8	2287	206
1267	1	129	054
2385	8	2386	205
2463	8	2464	230
2442	8	2441	198
1342	1	1142	090
2298	8	2300	181
2395	8	2394	197
2277	8	2278	184
9436	21	9437	223
398	1	148	055
2243	8	2244	181
1042	18	409	173
998	1	148	033
9144	18	1031	174
69	0	70	177
4978	15	4973	087
9144	18	1031	207
9144	18	1027	175
2216	7	2206	224
2253	8	2254	170
9144	18	1031	228
104	0	106	216
9436	21	9437	176
1042	18	160	173
3352	21	9473	218
9144	18	9136	164
104	0	106	178
9144	18	9138	200
2691	19	9149	193
9218	23	12508	030
9144	18	687	192
9144	18	9136	206
1042	18	1050	179
4441	14	3710	038
6400	19	9159	195
3239	12	2041	054
1486	1	845	155
1042	18	715	217
9495	21	9442	206
3069	19	1926	194
9144	18	9140	213
1238	1	122	019
2414	8	2415	189
2691	19	9149	169
2424	8	2425	185
5262	15	4973	115
1042	18	876	176
2244	8	2243	177
3117	11	3098	126
9144	18	698	221
1376	1	1142	023
5136	15	4973	131
1042	18	1551	221
9144	18	696	174
1042	18	568	207
1238	1	1210	046
9436	21	9437	208
6400	19	9159	229
9436	21	9437	190
2429	8	2428	218
104	0	106	210
1225	1	1210	090
4764	21	9462	221
2990	19	9159	207
7975	23	3023	070
2421	8	2420	216
1042	18	1467	182
4269	14	4270	141
1147	1	1142	092
1042	18	1050	188
1042	18	645	192
1042	18	644	216
744	1	163	116
9144	18	708	216
1330	1	129	138
2395	21	9462	200
1042	18	876	221
2984	10	2946	090
1042	18	570	219
9144	18	9136	216
9144	18	1035	228
1042	18	1467	231
1866	19	1991	174
807	1	148	114
1435	1	125	038
3250	21	9434	199
2386	8	2385	204
9436	21	9437	221
9144	18	9140	169
1042	18	979	164
8751	23	12508	013
2448	8	2447	223
1262	1	1210	092
2422	8	2423	212
9144	18	687	224
744	1	163	090
9236	23	12508	103
3125	11	3118	113
587	1	125	152
399	7	2230	184
9436	21	9437	168
8842	19	9149	188
3084	11	3081	136
1348	1	1161	010
2404	8	2405	218
1042	18	979	205
9144	18	1028	231
9144	18	9140	224
5273	15	4973	082
104	0	106	198
2267	8	2268	181
9144	18	137	168
1042	18	160	231
9236	23	12508	127
1042	18	409	181
1160	1	953	145
1042	18	876	215
1042	18	645	166
1866	19	1991	189
69	0	70	166
1042	18	979	198
1042	18	571	186
1042	18	160	190
1042	18	715	182
1042	18	1050	193
1354	1	953	017
2691	19	9149	186
9531	21	9458	207
9144	18	137	216
9144	18	1031	213
5335	15	4973	025
350	1	163	126
5344	15	4973	097
1042	18	567	214
9144	18	9138	194
9144	18	1027	166
5009	15	4973	068
1042	18	377	217
963	1	148	141
1866	19	1991	179
9144	18	9140	211
9144	18	704	189
409	1	125	052
1662	1	125	049
2395	8	2394	213
5172	15	4973	067
1042	18	644	196
3236	23	12520	100
2310	19	1991	193
8756	23	12511	073
2405	8	2404	215
2414	8	2415	224
2925	19	1926	168
474	1	148	105
3250	21	9434	171
6400	19	9159	225
9144	18	704	225
2943	21	9462	228
2442	8	2441	181
1016	1	126	113
2330	8	2331	215
1042	18	297	221
9144	18	704	201
4547	14	3450	069
6195	19	1991	199
2413	8	1879	213
1042	18	297	180
2265	23	2982	143
3250	21	9434	170
450	1	148	112
9144	18	1035	194
9439	21	9434	204
1042	18	1050	212
3409	21	9434	169
2404	8	2405	208
3097	11	3098	029
2430	8	2428	230
2990	19	9159	208
9144	18	708	182
4230	21	9462	200
1042	18	489	205
1042	18	568	182
104	0	105	230
3250	21	9434	177
6195	19	1991	192
1042	18	571	229
9144	18	1029	208
2404	8	2405	214
2406	8	2407	212
8842	19	9149	218
9144	18	1029	226
69	0	70	194
1558	1	148	101
3138	19	9157	180
2287	8	2286	175
3250	21	9434	169
5250	15	4973	122
1376	1	1142	095
2287	8	2286	199
1042	18	715	222
279	15	4973	065
9144	18	687	195
3346	21	9473	225
5209	15	4973	086
104	0	106	230
9144	18	137	206
4764	21	9462	185
1042	18	297	199
4764	21	9462	174
4	1	5	021
9144	18	9138	230
1039	1	1041	062
313	1	148	017
9144	18	1031	164
1042	18	297	189
1206	1	1142	015
2287	8	2286	196
158	1	148	023
9144	18	9140	221
1042	18	377	196
9144	18	1041	229
2925	19	1926	215
9144	18	9137	181
9144	18	1031	184
4394	14	3791	043
1042	18	297	171
1227	1	129	030
2468	8	2469	217
2424	8	2425	190
1214	1	122	041
9144	18	708	210
2268	8	2267	191
9144	18	698	209
1143	1	1142	123
9144	18	1041	172
1042	18	409	195
646	1	123	146
270	1	122	027
3250	21	9434	164
3346	21	9473	214
1143	1	1142	130
2414	8	2415	187
2406	8	2407	221
9144	18	687	214
9144	18	687	172
1042	18	1050	201
9144	18	1029	213
1042	18	645	188
1444	1	129	068
1042	18	571	177
1209	1	129	149
2447	8	2448	218
1042	18	715	178
2848	23	12523	116
2925	19	1926	220
2214	7	2215	231
1042	18	645	226
2420	8	2421	210
2310	19	1991	174
2422	8	2423	206
3069	19	1926	209
3250	21	9434	224
9144	18	1041	204
8842	19	9149	215
2447	8	2448	219
9420	23	2939	141
1042	18	435	183
104	0	106	199
9531	21	9491	219
9144	18	137	214
2267	8	2268	189
3345	21	9473	219
770	1	125	076
3069	19	1926	224
2286	8	2287	178
9144	18	9138	220
9144	18	1031	203
235	1	148	149
9144	18	1035	227
2448	8	2447	224
8385	23	2982	105
2329	8	2328	224
9144	18	1027	163
399	7	2229	201
1147	1	1142	104
399	7	2231	165
2414	8	2415	212
1042	18	297	167
9144	18	1029	228
813	1	148	139
2442	8	2441	185
1042	18	409	207
957	1	125	003
468	1	125	029
1042	18	377	174
1042	18	1551	172
1042	18	570	186
9439	21	9434	207
9144	18	696	208
823	1	148	122
2243	8	2244	187
1275	1	129	161
5353	15	4973	134
1042	18	489	172
744	1	163	025
161	1	163	119
9144	18	687	229
9436	21	9437	216
1858	19	969	201
6400	19	9159	182
9144	18	1031	168
9144	18	9138	176
1042	18	489	177
2925	19	1926	204
9144	18	1029	223
2990	19	9159	217
8842	19	9149	223
2117	6	2032	139
4764	21	9462	179
9144	18	1035	172
9526	21	9457	198
9436	21	9437	166
909	1	148	094
2943	21	9462	223
3138	19	9157	171
3138	19	9157	168
6195	19	1991	164
9144	18	1041	226
6439	23	12515	025
9144	18	698	212
3313	21	9434	180
9144	18	9137	217
754	1	126	097
9144	18	9138	208
1042	18	568	212
9144	18	9137	191
1042	18	1551	223
1042	18	377	227
825	1	123	128
9144	18	137	188
1042	18	644	180
2287	8	2286	198
3287	21	9473	214
2925	19	1926	208
2414	8	2415	201
235	1	148	082
9144	18	9138	222
6195	19	1991	181
2405	8	2404	200
2925	19	1926	175
9144	18	137	187
9144	18	696	195
705	1	687	026
1042	18	489	211
2442	8	2441	180
9144	18	1029	189
1042	18	409	222
1042	18	715	192
9144	18	708	183
744	1	163	017
9144	18	1035	197
1042	18	644	207
1042	18	568	191
2298	8	2300	172
9144	18	9136	163
1184	1	1142	117
9436	21	9437	209
1042	18	1050	204
1042	18	160	170
9515	21	9451	184
1042	18	979	177
9144	18	9138	184
823	1	148	034
9144	18	1041	183
1650	1	123	114
1042	18	489	203
2265	8	2266	176
1042	18	1551	218
9144	18	9136	215
1042	18	489	190
2414	8	2415	213
1386	1	1210	094
1171	15	4973	057
1042	18	876	192
2373	8	2374	182
2420	8	2421	212
9144	18	9137	166
1143	15	4973	062
1042	18	567	202
1042	18	160	185
4230	21	9462	210
3069	19	1926	218
9144	18	9139	229
3069	19	1926	227
5093	15	5094	056
5243	15	4973	158
9456	21	9458	182
104	0	106	185
3040	23	3023	017
1221	1	122	050
2406	8	2407	217
2732	14	4358	119
69	0	70	189
1042	18	1551	224
1042	18	979	167
1312	1	129	008
2925	19	1926	187
69	0	70	190
2691	19	9149	168
9144	18	1031	183
1042	18	1651	218
1313	1	129	158
9436	21	9437	212
2298	8	2300	180
8552	19	9149	202
2373	8	2374	185
1042	18	567	194
1042	18	489	175
2394	8	2395	216
6936	23	12511	027
9144	18	1041	196
1042	18	979	204
9144	18	1031	218
2265	23	2982	107
9144	18	1035	190
138	15	4973	041
9144	18	9138	216
6400	19	9159	187
475	1	148	109
2268	8	2267	193
1366	1	953	007
1042	18	644	185
1042	18	1551	162
1866	19	1991	171
5115	15	4973	050
6400	19	9159	185
8552	23	3023	105
1042	18	435	222
1011	1	122	042
1042	18	297	203
9436	21	9437	182
69	0	70	164
6129	23	12508	060
9144	18	1035	221
250	1	148	072
4764	21	9462	222
9436	21	9437	200
2310	19	1991	178
2470	8	2471	222
1042	18	571	216
1042	18	489	216
9144	18	1027	201
9144	18	708	215
2394	8	2395	223
1476	1	148	012
1042	18	715	179
104	0	106	168
1042	18	1551	207
2310	19	1991	168
1313	1	129	144
1042	18	570	227
1042	18	645	170
9144	18	9139	169
1387	1	1210	127
1042	18	1050	211
2369	8	2370	176
2691	19	9149	207
1042	18	568	227
9439	21	9434	210
9144	18	1027	178
1042	18	1551	204
1042	18	1551	212
9236	23	12508	013
1421	1	125	068
1256	1	129	137
3790	14	3791	042
2358	8	2359	213
9144	18	9137	229
2420	8	2421	213
1042	18	571	166
1042	18	979	171
9144	18	1027	181
2395	21	9462	218
3345	21	9473	226
1976	6	2040	097
9144	18	9138	188
2463	8	2464	205
9144	18	696	216
9436	21	9437	201
2422	8	2423	220
2424	8	2425	188
2332	8	2333	226
9144	18	9138	201
1147	1	953	054
9144	18	1031	227
3409	21	9434	168
2410	8	2409	170
9144	18	704	202
2414	8	2415	222
2925	19	1926	195
1287	1	129	063
2424	8	2425	162
9144	18	704	222
2462	8	2448	200
8385	23	2982	034
1042	18	567	226
9144	18	9138	167
6400	19	9159	189
9144	18	1035	163
1042	18	297	188
4230	21	9462	225
2373	8	2374	198
9144	18	9140	209
1042	18	377	213
8927	23	12541	003
957	1	126	102
5188	15	4973	119
1042	18	377	231
2448	8	2462	194
1042	18	1651	220
2990	19	9159	195
1042	18	571	223
474	1	148	046
1042	18	377	203
1042	18	568	193
69	0	70	175
2243	8	2244	199
9144	18	9139	189
9144	18	704	209
152	1	122	034
9144	18	1027	223
2253	8	2254	163
9144	18	1041	230
655	1	419	160
2065	6	2040	100
2245	8	2246	162
1042	18	876	180
1312	1	1210	100
1415	1	163	073
6129	23	12508	077
1521	1	148	066
3250	21	9434	181
685	1	687	103
1042	18	570	195
9144	18	1029	178
1266	1	129	152
1042	18	644	173
1042	18	568	167
9144	18	1041	173
9144	18	704	204
2278	8	2277	181
1042	18	645	209
1042	18	644	223
2278	8	2277	185
1042	18	715	228
9144	18	1035	193
69	0	70	192
5109	15	5110	160
2405	8	2404	213
1042	18	1651	228
1042	18	160	226
8426	23	12511	061
2243	8	2244	175
9144	18	708	205
2277	8	2278	193
2298	8	2300	164
9144	18	698	208
1042	18	1551	173
1334	1	129	078
9144	18	687	205
6400	19	9159	203
3790	14	4261	143
1042	18	1551	202
9144	18	1031	204
1042	18	297	210
2287	8	2286	219
1042	18	567	196
469	1	125	036
3084	11	3081	156
1497	1	163	080
9144	18	696	223
1042	18	979	216
2428	8	2430	228
1287	1	1210	110
9144	18	9140	172
1042	18	435	167
1879	8	2413	213
1042	18	644	197
69	0	70	167
2286	8	2287	193
9070	23	2982	019
9144	18	1027	207
8552	19	9149	198
9144	18	9138	172
1380	1	1142	117
1042	18	489	193
2216	7	2206	231
1042	18	876	194
1009	1	125	138
2414	8	2415	226
1518	1	123	087
7789	23	12532	046
3250	21	9434	205
2287	8	2286	178
3192	12	2175	121
9460	21	9434	227
2424	8	2425	175
1042	18	1651	190
4230	21	9462	204
1042	18	489	163
1042	18	979	221
1042	18	645	199
2990	19	9159	182
9386	23	12511	109
1042	18	489	218
968	1	408	074
2404	8	2405	202
6599	23	12547	077
3069	19	1926	210
3138	19	9157	173
9144	18	698	227
1011	1	122	082
1255	1	129	142
138	15	4973	116
9144	18	687	198
770	1	125	145
2447	23	12501	137
1042	18	1551	211
1153	1	953	050
2990	19	9159	216
2943	21	9462	203
9144	18	1041	184
2253	8	2254	166
1410	1	122	085
168	1	148	119
1042	18	409	179
712	1	163	038
2448	8	2447	216
2404	8	2405	227
3069	19	1926	228
4684	14	3980	155
1042	18	435	207
6973	23	12501	112
9144	18	9140	197
8751	23	12508	141
5025	15	4973	057
2421	8	2420	212
4911	14	3781	123
1042	18	1551	213
9144	18	687	206
9018	23	3023	076
1392	1	129	025
8552	19	9149	188
2369	8	2370	171
2394	8	2395	209
9144	18	687	216
1047	1	148	076
9144	18	1031	217
2925	19	1926	165
1206	1	953	157
8552	19	9149	177
4547	14	3450	132
2456	8	2457	166
8955	23	2939	086
3273	21	9435	223
1200	1	953	036
2424	8	2425	189
9144	18	1027	202
9144	18	687	197
2332	8	2333	230
9306	23	12511	042
3250	21	9434	166
1042	18	297	162
3313	21	9434	181
754	1	125	015
9144	18	1041	166
9144	18	696	204
9144	18	1027	190
8552	19	9149	162
1042	18	644	210
2990	19	9159	197
1153	1	1142	107
7293	19	1926	204
987	1	148	069
2428	8	2429	215
2286	8	2287	197
1248	1	122	019
1543	1	148	013
2441	8	2442	194
1042	18	715	227
4764	21	9462	202
2373	8	2374	163
1282	1	1210	086
2447	8	2448	230
1042	18	1551	231
104	0	106	225
3069	19	1926	212
9144	18	9140	199
255	1	148	069
1042	18	568	180
1042	18	715	199
9144	18	1029	204
2286	8	2287	212
5212	15	4973	011
2420	8	2421	216
1042	18	377	195
1042	18	489	214
2925	19	1926	177
69	0	70	173
1127	1	846	004
2358	8	2359	215
1313	1	1210	103
1042	18	571	183
104	0	106	202
2441	8	2442	180
1042	18	876	169
9144	18	708	199
8842	23	3023	112
1330	1	129	041
1270	1	1210	099
9144	18	687	190
4074	14	3791	017
1490	1	353	034
4230	21	9462	229
9144	18	704	203
1566	1	148	147
876	1	125	037
2287	8	2286	208
2953	10	2957	160
1497	1	163	067
2422	8	2423	209
1042	18	568	218
1173	15	4973	137
1324	1	1210	093
1042	18	1050	230
504	1	148	069
1042	18	644	186
3069	19	1926	203
1042	18	1551	196
1042	18	1551	176
9144	18	1027	199
2395	8	2394	191
4370	14	3710	105
9144	18	137	228
2448	8	2447	230
1042	18	644	217
1042	18	1467	202
2358	8	2359	209
1042	18	160	176
2405	8	2404	205
2277	8	2278	189
9144	18	708	190
2244	8	2243	200
1516	15	4973	017
1042	18	435	214
9144	18	704	178
1042	18	377	202
2286	8	2287	185
1042	18	160	217
1254	1	129	024
1042	18	1651	203
2216	7	2206	226
1042	18	571	193
1042	18	1050	163
6400	19	9159	178
9436	21	9437	175
11703	22	9557	152
470	1	126	090
5009	15	4973	057
2395	8	2394	220
5331	15	4973	156
9436	21	9437	173
1042	18	876	166
1042	18	1050	178
9144	18	9136	211
1042	18	1551	189
2246	8	2245	162
282	1	696	093
1042	18	489	228
8385	23	3023	160
1165	1	1142	110
9144	18	9138	192
9436	21	9437	210
399	7	2230	177
1042	18	715	180
4230	21	9462	208
3352	21	9473	212
104	0	106	184
2424	8	2425	187
8552	19	9149	179
1042	18	979	172
9436	21	9437	198
9144	18	687	189
4442	14	4034	132
9144	18	9138	170
5072	15	4973	118
425	1	319	100
5205	15	4973	065
1202	1	953	147
6195	19	1991	168
145	1	123	086
4764	21	9462	211
2422	8	2423	215
2268	8	2267	175
2406	8	2407	211
318	1	319	102
9144	18	696	213
9144	18	9139	171
4230	21	9462	230
4764	21	9462	178
9144	18	1035	219
1042	18	1651	229
9474	21	9475	196
1587	1	123	123
9144	18	9138	229
1042	18	570	189
2925	19	1926	206
1042	18	568	222
2409	8	2410	174
1026	1	1027	124
4484	14	4366	141
2448	8	2447	218
9144	18	708	187
2943	21	9462	202
1042	18	435	201
1042	18	1050	219
1042	18	377	208
2243	8	2244	211
2447	8	2448	228
2990	19	9159	226
6529	23	2952	155
3250	21	9434	195
1042	18	160	214
1042	18	409	170
9144	18	1029	166
1366	1	1142	065
5303	15	4973	145
9144	18	1027	230
9144	18	704	169
3345	21	9473	227
9144	18	1027	165
2244	8	2243	198
1373	1	953	135
8842	23	3023	137
2463	8	2464	186
9144	18	1041	162
1516	1	353	072
6599	23	12547	100
2925	19	1926	169
2414	8	2415	193
2205	7	2206	225
2943	21	9462	219
9495	21	9451	193
2385	8	2386	201
9144	18	698	180
2332	8	2333	229
9144	18	9138	223
1042	18	377	175
1415	1	163	039
1042	18	568	201
2370	8	2369	175
1173	15	4973	135
2463	8	2464	178
947	1	148	106
1042	18	979	165
9144	18	1029	212
1858	19	969	228
1345	1	953	004
1042	18	645	176
2394	8	2395	200
2278	8	2277	191
1042	18	435	172
9144	18	1035	225
5131	15	4973	022
3138	19	9157	174
1042	18	1050	200
4230	21	9462	211
1225	1	1210	124
9144	18	696	219
2732	12	3195	093
2298	8	2300	182
2410	8	2409	169
1278	1	122	031
279	15	4973	111
1042	18	377	218
3082	11	3083	065
6400	19	9159	194
9144	18	1041	228
424	1	319	152
2990	19	9159	187
2267	8	2268	187
910	1	518	088
2447	8	2448	212
1205	1	953	140
9144	18	1031	214
2406	8	2407	215
2286	8	2287	195
9441	21	9442	212
8272	23	12515	020
1042	18	715	204
1042	18	645	183
1026	1	1027	037
1042	18	297	170
3923	23	12541	085
1858	19	969	217
1042	18	715	196
3069	19	1926	217
2287	8	2286	180
9144	18	704	208
4484	14	4367	139
2422	8	2423	208
1042	18	876	210
2395	8	2394	201
9441	21	9477	202
3250	21	9434	225
1334	1	1210	124
2287	8	2286	220
2373	8	2374	178
1042	18	644	222
2442	8	2441	183
251	1	125	031
350	1	163	040
2448	8	2447	231
1042	18	435	204
9144	18	696	217
2414	8	2415	186
1414	1	123	122
2286	8	2287	194
2267	8	2268	173
9144	18	1035	202
4963	17	4312	066
6529	23	3023	116
2414	8	2415	218
9144	18	9139	215
9144	18	1035	162
3287	21	9473	213
2298	8	2300	185
2395	8	2394	212
1042	18	567	185
1042	18	409	211
250	1	148	118
2691	19	9149	215
1042	18	979	174
1042	18	160	216
2404	8	2405	219
265	1	125	156
4764	21	9462	204
9144	18	704	180
2470	8	2471	217
1042	18	377	190
2410	8	2409	166
1188	1	1142	106
3244	21	9473	222
2358	8	2359	211
9436	21	9437	205
1042	18	489	199
1042	18	979	220
646	1	122	076
1042	18	1651	204
1042	18	409	213
399	7	2229	198
9144	18	696	200
2470	8	2471	223
1042	18	435	191
2405	8	2404	212
3409	21	9434	171
485	1	148	046
9144	18	137	166
2691	19	9149	167
1362	1	953	055
2925	19	1926	176
1042	18	1651	226
1042	18	435	187
2404	8	2405	212
9144	18	687	171
9522	21	9451	184
1042	18	571	184
3409	21	9434	164
1324	1	129	069
2243	8	2244	188
2400	8	2401	182
1042	18	1651	179
9144	18	704	206
252	1	122	061
950	1	148	094
1042	18	435	185
1231	1	129	145
1042	18	435	213
1042	18	1551	178
1009	1	125	133
2424	8	2425	182
9144	18	1041	197
1359	1	129	047
9144	18	9138	193
1282	1	129	019
1042	18	571	219
2286	8	2287	174
2395	21	9462	205
9144	18	9139	162
2358	8	2359	212
1042	18	297	208
1042	18	715	205
9436	21	9437	226
2424	8	2425	174
2441	8	2442	192
104	0	106	201
4048	14	3791	037
9144	18	1029	186
9144	18	708	194
9144	18	9136	202
9144	18	1029	205
9144	18	1027	212
3409	21	9434	173
2394	8	2395	202
5009	15	4973	026
1016	1	125	141
5119	15	4985	060
2463	8	2464	220
744	1	163	083
1858	19	969	206
2370	8	2369	182
6400	19	9159	183
1042	18	570	206
1042	18	160	186
2691	23	2955	117
5114	15	4973	117
2424	8	2425	200
5063	15	4973	146
2407	8	2406	223
2395	21	9462	197
8272	23	12515	132
255	1	148	113
2990	19	9159	211
2287	8	2286	177
1042	18	160	191
399	7	2230	182
399	7	2231	164
9144	18	9136	219
1042	18	297	191
2414	8	2415	231
2990	23	12502	089
470	1	125	029
5294	15	4973	028
9144	18	9137	207
1583	1	123	131
2298	8	2300	169
6400	19	9159	205
203	1	123	151
69	0	70	203
2395	21	9462	207
1042	18	297	227
6400	19	9159	200
1042	18	1551	170
2404	8	2405	216
571	1	125	024
1193	1	953	062
1042	18	1050	226
2691	19	9149	221
4764	21	9462	201
1419	1	123	113
9144	18	1041	199
9144	18	9137	183
2456	8	2457	171
2243	8	2244	185
1042	18	297	205
2414	8	2415	198
9144	18	9140	195
1042	18	489	231
2394	8	2395	205
1042	18	489	195
2424	8	2425	164
2286	8	2287	181
9144	18	696	227
2691	19	9149	211
345	1	122	026
1042	18	297	183
1312	1	129	006
2990	19	9159	220
9144	18	9137	224
9144	18	1027	222
2268	8	2267	195
9144	18	9136	162
9144	18	137	186
1042	18	409	214
9144	18	1027	219
2943	21	9462	205
104	0	106	166
2267	8	2268	177
9144	18	687	227
5130	15	4973	104
9144	18	704	164
8842	19	9149	187
1042	18	715	174
830	1	148	157
69	0	70	204
3166	23	12532	152
69	0	70	214
228	6	229	055
470	1	126	134
761	1	123	103
1416	1	123	099
9144	18	687	175
9144	18	9136	227
2298	8	2300	177
9144	18	1035	230
1255	1	1210	116
8552	23	3023	066
8552	19	9149	197
2333	8	2332	226
104	0	105	225
2358	8	2359	227
1214	1	122	078
1042	18	489	166
9144	18	9138	219
2310	19	1991	179
5146	15	4973	080
2395	21	9462	216
2243	8	2244	196
7293	19	1926	223
9144	18	9137	174
5222	15	4973	019
2990	19	9159	209
2265	8	2266	215
398	1	148	052
1334	1	1210	131
8692	23	12516	065
8552	19	9149	164
1042	18	567	230
1042	18	567	164
1042	18	568	223
2407	8	2406	213
1042	18	160	203
2310	19	1991	189
2330	8	2331	216
2244	8	2243	181
1042	18	377	191
9144	18	1027	218
1042	18	1551	163
1206	1	1142	068
1042	18	645	187
2329	8	2328	221
1042	18	567	218
1042	18	435	227
1558	1	148	129
1042	18	435	181
1042	18	435	216
9436	21	9437	187
424	1	319	064
1042	18	571	221
1042	18	570	198
2447	23	12501	084
1042	18	435	178
1042	18	979	193
9144	18	704	195
2406	8	2407	227
9144	18	704	176
1042	18	297	172
9144	18	1035	169
2243	8	2244	208
1042	18	571	199
9144	18	9138	178
1202	1	125	037
3250	21	9434	184
3160	11	3098	097
2428	8	2430	229
9144	18	137	167
9144	18	707	231
2310	19	1991	165
2369	8	2370	181
9144	18	1029	188
2395	21	9462	206
1042	18	489	217
2395	8	2394	211
2463	8	2464	211
705	1	687	044
4604	21	9468	194
69	0	70	181
2294	23	12511	129
2373	8	2374	176
2395	8	2394	189
8552	23	3023	048
9144	18	1029	185
2243	8	2244	202
8842	19	9149	208
9144	18	1035	208
1858	19	969	227
9144	18	9140	179
9144	18	1027	171
4764	21	9462	200
1202	1	953	019
6400	19	9159	228
2358	8	2359	231
1042	18	876	199
1042	18	377	197
5315	15	4973	097
2243	8	2244	194
1042	18	644	182
1042	18	571	179
1042	18	876	197
9144	18	1029	184
2990	19	9159	166
455	1	125	060
216	1	148	042
1042	18	160	179
2001	7	2239	223
6195	19	1991	186
2470	8	2471	221
104	0	106	231
2421	8	2420	215
6195	19	1991	163
9144	18	1029	200
3138	19	9157	170
1668	1	163	115
9144	18	696	185
9144	18	9137	212
2463	8	2464	219
235	1	148	030
5266	15	4973	078
1415	1	148	146
1042	18	715	173
460	1	125	017
121	1	123	085
1042	18	645	230
2369	8	2370	173
1042	18	377	205
8552	19	9149	170
1042	18	570	192
464	1	125	037
9144	18	696	206
3352	21	9473	208
1016	1	125	077
1042	18	644	192
1042	18	435	212
1858	19	969	202
1243	1	953	145
9144	18	687	186
2333	8	2332	225
9144	18	1035	191
2448	8	2447	213
1042	18	435	217
3069	19	1926	211
9144	18	137	179
979	1	125	061
6195	19	1991	190
2990	19	9159	202
1255	1	1210	115
7178	23	12511	117
2244	8	2243	206
1042	18	1651	168
1042	18	1651	200
1645	1	126	122
4074	14	3791	082
2470	8	2471	212
1042	18	435	176
297	1	125	084
2691	19	9149	212
9051	23	12508	153
2413	8	1879	214
2410	8	2409	164
9144	18	687	207
1042	18	645	164
9144	18	698	166
9436	21	9437	171
2691	19	9149	199
2385	8	2386	203
993	1	123	125
1042	18	160	163
9144	18	1029	210
3923	23	12541	057
2358	8	2359	222
7293	19	1926	220
1866	19	1991	186
9144	18	698	210
7293	19	1926	194
5351	15	4973	106
1548	1	148	094
2428	8	2429	216
2691	23	2955	068
3250	21	9434	182
2243	8	2244	206
3125	11	3118	018
9144	18	1027	169
1397	1	148	047
1042	18	876	175
1879	8	2413	215
9144	18	9138	212
1042	18	568	196
9144	18	1041	200
2943	21	9462	217
1316	1	129	085
2437	8	2436	222
1042	18	409	204
3244	21	9473	229
1042	18	979	209
2330	8	2331	231
9144	18	9137	216
2925	19	1926	219
8989	23	12508	072
5243	15	4973	085
1042	18	568	184
1284	1	129	083
1042	18	571	164
9144	18	1031	198
1011	1	123	095
2287	8	2286	217
1173	1	1142	101
1143	1	953	139
345	1	123	110
2246	8	2245	164
1042	18	1050	206
1042	18	715	223
9144	18	9137	190
2001	7	2239	206
3409	21	9434	167
1175	1	953	045
9144	18	704	182
1042	18	644	205
