1042	18	1441	168
1042	18	644	221
2394	8	2395	189
9534	21	9465	177
9144	18	695	230
3287	21	9473	214
135	18	954	216
1042	18	489	213
135	18	602	220
9144	18	137	187
1042	18	1051	217
2433	8	2432	212
3358	21	9473	224
135	18	854	225
1042	18	1551	179
2990	19	9159	220
1042	18	967	216
2404	8	2405	226
135	18	438	165
2395	21	9462	197
9144	18	698	224
2990	19	9159	188
2395	21	9511	204
8842	19	9149	213
9534	21	9465	205
2405	8	2404	209
1042	18	967	199
1042	18	570	169
135	18	438	179
6400	19	9159	231
9144	18	9136	214
3409	21	9434	168
1042	18	568	201
9144	18	1035	213
2378	8	2377	164
2395	21	9462	195
135	18	534	178
1042	18	1051	164
2318	8	2440	192
2990	19	9159	184
135	18	1468	202
3024	19	1992	218
135	18	9131	225
9144	18	687	216
1042	18	570	226
2373	8	2374	177
1866	19	1991	172
2395	8	2394	216
2394	8	2395	218
1042	18	876	184
2394	8	2395	210
135	18	9130	212
8552	19	9149	204
1745	19	1936	200
9144	18	1027	172
135	18	1426	194
2358	8	2359	215
2358	8	2359	222
6400	19	9159	220
1042	18	377	206
2287	8	2286	184
9534	21	9465	209
9144	18	696	188
9144	18	1041	191
135	18	854	165
135	18	1470	210
400	18	3078	189
2317	8	2318	170
9144	18	1029	164
1745	19	1936	201
1042	18	568	182
2463	8	2464	226
1042	18	644	213
9144	18	1031	202
2440	8	2318	193
1042	18	297	207
1042	18	1051	196
9470	21	9455	194
135	18	1470	175
1042	18	979	167
9441	21	9442	212
2395	21	9462	223
1042	18	1551	217
2205	7	2206	229
680	18	9134	162
1042	18	160	175
135	18	9131	210
2318	8	2440	222
1042	18	1467	200
9144	18	9137	188
2320	8	2321	222
2395	8	2394	201
1858	19	969	223
2287	8	2286	177
2358	8	2359	228
1042	18	1050	209
135	18	1426	171
1042	18	644	173
1042	18	967	180
2990	19	9159	177
2414	8	2415	216
135	18	1426	180
1042	18	1551	167
2691	19	9149	167
9534	21	9465	190
1042	18	1651	184
2378	8	2377	174
2358	8	2359	219
3250	21	9434	179
135	18	1591	183
2318	8	2440	227
135	18	438	224
9144	18	9139	205
1042	18	1551	183
2463	8	2464	215
2395	8	2394	217
9144	18	1041	177
2406	8	2407	217
2407	8	2406	215
2395	21	9462	202
135	18	9134	218
1042	18	979	188
135	18	9131	212
8552	19	9149	179
2473	8	2474	227
3346	21	9473	223
1042	18	979	192
2432	8	2433	229
9144	18	9139	203
135	18	9131	188
1042	18	967	202
135	18	2004	216
9144	18	708	193
135	18	954	184
3024	19	1992	208
1042	18	1050	164
135	18	954	192
1042	18	645	166
2470	8	2471	217
2402	8	2403	209
9144	18	1041	219
135	18	1470	220
9144	18	698	228
1745	19	1936	198
1042	18	160	203
9144	18	1027	181
135	18	854	207
1042	18	876	191
9144	18	9139	208
1042	18	568	206
3024	19	1992	220
1042	18	644	193
8842	19	9149	189
1042	18	297	214
1042	18	1651	165
9144	18	704	188
1042	18	967	204
1042	18	967	218
1042	18	715	225
8552	19	9149	178
1042	18	715	220
1042	18	1551	223
1042	18	489	164
1042	18	979	196
1042	18	715	214
9144	18	1031	186
1858	19	969	211
1042	18	1551	231
9162	19	948	181
135	18	438	214
9144	18	1028	231
2433	8	2432	227
9439	21	9434	208
9144	18	1041	195
1042	18	644	162
9144	18	9139	215
3250	21	9434	206
2310	19	1991	194
1042	18	435	194
2463	8	2464	180
1042	18	377	205
135	18	9133	190
9144	18	1027	217
680	18	9130	181
2470	8	2471	215
1042	18	1551	200
135	18	9134	198
2395	21	9462	191
2463	8	2464	179
1042	18	715	189
1042	18	489	224
2310	19	1991	166
135	18	1591	186
2405	8	2404	199
1042	18	489	171
9456	21	9458	182
135	18	2004	209
9144	18	9136	185
680	18	9135	164
1858	19	969	210
9144	18	9139	202
2448	8	2447	217
1042	18	967	176
2990	19	9159	210
1042	18	489	206
135	18	2004	178
1042	18	876	209
1858	19	969	206
1745	19	1936	166
135	18	1014	182
9144	18	687	211
2990	19	9159	221
2414	8	2415	212
1042	18	160	173
9144	18	687	183
135	18	854	173
9144	18	9137	172
6195	19	1991	191
9144	18	137	208
1042	18	570	176
2424	8	2425	184
9144	18	9136	219
2358	8	2359	231
2406	8	2407	219
9144	18	9140	179
2373	8	2374	199
135	18	9135	199
3313	21	9434	181
8842	19	9149	190
1042	18	489	199
9512	21	9451	193
2395	8	2394	204
9144	18	1031	188
1042	18	409	221
2405	8	2404	214
9144	18	1027	194
9144	18	1031	191
135	18	854	183
1042	18	568	186
3024	19	1992	198
1042	18	570	163
9144	18	687	230
9144	18	696	171
1042	18	567	184
1042	18	297	178
2414	8	2415	200
1042	18	377	231
1042	18	435	231
2691	19	9149	199
2358	8	2359	217
135	18	854	174
1858	19	969	208
9144	18	1029	191
1042	18	645	226
2462	8	2448	199
135	18	438	227
135	18	9130	201
9144	18	704	165
8552	19	9149	193
135	18	1470	228
2424	8	2425	188
2424	8	2425	186
3250	21	9434	200
1042	18	876	217
1042	18	967	193
9470	21	9455	176
3244	21	9473	222
1042	18	568	214
2265	8	2266	175
3243	19	1918	227
3409	21	9434	162
1042	18	1050	217
2691	19	9149	162
9144	18	9136	208
2404	8	2405	224
1042	18	435	173
135	18	854	168
135	18	954	199
1042	18	160	180
135	18	9132	183
9144	18	696	189
2358	8	2359	211
3250	21	9434	231
135	18	534	201
2414	8	2415	219
9470	21	9455	181
2318	8	2317	170
3358	21	9473	220
1042	18	435	229
9144	18	696	169
2440	8	2318	227
2310	19	1991	176
2407	8	2406	224
2405	8	2404	231
2395	21	9462	194
8552	19	9149	190
135	18	1470	187
2216	7	2206	230
135	18	9131	186
135	18	9135	181
9144	18	9140	196
2395	8	2394	199
1042	18	567	182
2426	8	2403	196
1042	18	409	188
2424	8	2425	174
2440	8	2318	178
2414	8	2415	201
135	18	1426	192
135	18	2004	218
1745	19	1936	188
8552	19	9149	169
9144	18	9139	193
2287	8	2286	175
135	18	1426	202
7018	19	1991	195
9144	18	704	190
6195	19	1991	175
9144	18	1029	166
135	18	1013	216
9144	18	1031	213
2463	8	2464	213
1042	18	297	192
9144	18	704	196
1042	18	967	228
135	18	438	203
9144	18	1027	182
9144	18	9140	186
9144	18	137	175
1042	18	1051	223
1042	18	1551	199
1042	18	377	218
2358	8	2359	227
135	18	9131	181
1042	18	570	196
9144	18	9137	200
135	18	9131	217
3352	21	9473	214
9144	18	1027	167
135	18	9132	196
2433	8	2432	218
1042	18	645	195
135	18	2004	192
2287	8	2286	198
135	18	9135	202
8842	19	9149	204
1042	18	160	220
1042	18	409	218
135	18	534	174
1042	18	644	166
2277	8	2278	192
9144	18	687	192
400	18	3078	168
1042	18	1050	189
135	18	1013	191
2447	8	2448	212
1042	18	160	205
400	18	3078	202
135	18	602	205
1042	18	567	166
1042	18	570	167
1042	18	567	201
135	18	602	217
3343	21	9473	222
9444	21	9440	185
1042	18	1441	200
135	18	9133	210
9144	18	708	190
2470	8	2471	216
135	18	1013	219
2463	8	2464	212
1042	18	435	226
9144	18	1035	203
135	18	1468	208
1745	19	1936	191
9162	19	948	187
135	18	954	223
9144	18	708	194
1042	18	570	225
9144	18	1031	196
135	18	1014	185
6195	19	1991	193
9460	21	9434	224
2309	8	2310	164
2447	8	2448	217
9144	18	1031	185
2406	8	2408	208
9534	21	9465	202
1042	18	1467	192
135	18	2004	222
1042	18	1467	199
135	18	1013	213
2373	8	2374	191
1042	18	567	188
2410	8	2409	164
9534	21	9465	214
9144	18	1031	184
135	18	9133	196
9144	18	9137	211
6195	19	1991	196
135	18	854	224
2691	19	9149	166
135	18	1014	184
135	18	534	197
9144	18	1031	197
135	18	1013	201
135	18	2004	217
680	18	9133	173
7018	19	1991	178
9144	18	1031	222
9144	18	1029	212
2424	8	2425	198
1042	18	979	228
1042	18	160	215
135	18	9132	182
2287	8	2286	183
9144	18	1035	197
9144	18	1027	223
2394	8	2395	195
6400	19	9159	224
2424	8	2425	178
135	18	534	168
1042	18	567	162
2990	19	9159	170
1042	18	567	171
9144	18	137	207
135	18	1470	227
400	18	3078	192
135	18	602	190
7018	19	1991	206
1042	18	1050	206
2448	8	2462	195
2440	8	2318	229
135	18	9133	187
135	18	1470	194
1042	18	1441	184
2414	8	2415	193
1042	18	1551	222
2463	8	2464	176
2395	21	9462	203
2463	8	2464	224
1042	18	489	226
9144	18	9140	215
9534	21	9465	185
2432	8	2433	219
9144	18	1027	215
1042	18	876	169
1042	18	435	178
1042	18	409	181
1042	18	567	219
135	18	954	183
680	18	9132	181
1042	18	489	176
9444	21	9445	216
1858	19	969	214
1042	18	876	164
1042	18	876	186
3024	19	1992	202
9144	18	696	198
6400	19	9159	205
8552	19	9149	194
2395	8	2394	208
8552	19	9149	174
1042	18	1467	162
680	18	9130	179
2405	8	2404	212
2440	8	2318	195
1042	18	1441	175
9144	18	9139	170
9144	18	1027	174
1042	18	1441	193
135	18	854	197
135	18	1591	197
2341	8	2340	164
6400	19	9159	185
9470	21	9455	228
9526	21	9451	195
2278	8	2277	187
135	18	1591	193
2294	8	2295	169
1042	18	567	215
135	18	9134	228
9144	18	9136	210
135	18	1468	214
400	18	3078	185
1042	18	435	177
1042	18	160	206
2404	8	2405	223
2447	8	2448	211
1866	19	1991	162
2990	19	9159	172
135	18	1591	169
9534	21	9465	173
2328	8	2329	224
9144	18	9139	196
1042	18	409	170
1042	18	876	203
135	18	9135	198
135	18	9134	214
9162	19	948	219
1042	18	409	189
2424	8	2425	180
135	18	1426	228
2407	8	2406	223
135	18	534	180
2691	19	9149	219
680	18	9133	175
135	18	2004	224
135	18	9134	185
135	18	1591	218
135	18	1468	189
9144	18	9140	174
135	18	9135	187
2373	8	2374	167
2341	8	2389	173
2310	19	1991	178
9144	18	696	177
3409	21	9434	163
1042	18	409	169
9144	18	708	177
1042	18	645	164
1042	18	1051	180
2318	8	2317	173
1042	18	160	171
1042	18	1551	181
2265	8	2266	217
1042	18	715	171
3346	21	9473	226
3024	19	1992	193
2405	8	2404	216
135	18	602	218
2402	8	2403	216
9144	18	1027	199
135	18	9133	228
9439	21	9434	211
9144	18	696	175
9144	18	704	164
9144	18	9136	180
1042	18	1551	185
400	18	3078	200
2373	8	2374	174
135	18	1591	187
9144	18	9137	174
135	18	9132	199
2463	8	2464	200
9144	18	708	222
135	18	1426	221
1042	18	1467	216
9144	18	704	228
1858	19	969	219
2369	8	2370	181
680	18	9132	171
680	18	9133	168
2440	8	2318	216
135	18	438	206
1042	18	567	205
2310	19	1991	163
2373	8	2374	183
9144	18	708	186
2440	8	2318	225
1042	18	1050	185
9470	21	9455	231
3024	19	1992	196
1042	18	644	188
6195	19	1991	169
135	18	9135	214
2409	8	2410	175
3388	21	9473	228
1042	18	297	202
2278	8	2277	190
1042	18	979	224
9534	21	9465	180
1042	18	1651	181
1042	18	1051	222
2448	8	2447	215
2462	8	2448	201
1042	18	1051	224
1042	18	570	222
135	18	534	198
1042	18	377	177
9144	18	9136	226
135	18	1014	205
1745	19	1936	186
135	18	9132	186
9144	18	1031	173
2691	19	9149	198
1042	18	644	179
680	18	9135	163
135	18	2004	198
135	18	2004	201
9144	18	696	220
135	18	9134	227
1042	18	979	225
135	18	9130	182
1042	18	715	198
2318	8	2440	230
9144	18	704	170
1042	18	160	177
7018	19	1991	191
1042	18	876	188
2407	8	2406	214
135	18	9130	214
9144	18	1031	230
2424	8	2425	208
9144	18	707	231
2369	8	2370	175
135	18	9130	226
135	18	1470	197
9144	18	1031	192
1042	18	715	209
2318	8	2440	198
400	18	3078	178
9534	21	9465	210
2432	8	2433	224
400	18	3078	194
135	18	9132	201
135	18	438	221
1042	18	876	185
1858	19	969	224
1042	18	645	207
1042	18	644	204
2404	8	2405	205
1042	18	1051	205
9144	18	9136	200
2330	8	2331	219
9144	18	1041	183
9144	18	1031	203
9441	21	9457	210
2370	8	2369	174
7018	19	1991	202
135	18	1468	217
135	18	9133	205
1042	18	1651	194
8842	19	9149	218
9144	18	1041	194
135	18	9131	198
1042	18	1551	174
9144	18	698	204
9144	18	9136	173
1042	18	160	219
1042	18	297	176
9162	19	948	218
135	18	1468	197
1042	18	377	204
3346	21	9473	225
135	18	1470	174
1042	18	570	171
135	18	2004	173
680	18	9133	170
1042	18	377	184
135	18	9132	213
3250	21	9434	204
2286	8	2287	213
1042	18	979	200
9144	18	9139	189
2990	19	9159	162
680	18	9134	165
1042	18	715	165
9144	18	1031	206
135	18	438	186
135	18	9135	226
8842	19	9149	230
1042	18	435	219
2358	8	2359	216
135	18	9132	181
1042	18	489	190
9144	18	1029	206
9144	18	1041	179
2395	8	2394	195
1042	18	568	191
1042	18	1441	183
135	18	2004	169
135	18	9133	209
9144	18	137	190
1042	18	1051	221
135	18	9131	182
9144	18	1029	165
1042	18	568	172
1042	18	377	227
1042	18	967	212
1042	18	297	212
9144	18	1031	190
1042	18	967	174
135	18	1591	202
400	18	3078	170
1042	18	435	190
3024	19	1992	190
135	18	9135	209
9144	18	1027	177
1042	18	297	195
8842	19	9149	226
8842	19	9149	207
1042	18	567	224
8552	19	9149	210
2990	19	9159	201
9432	21	9465	216
2405	8	2404	218
8552	19	9149	175
9144	18	9139	216
3250	21	9434	175
2691	19	9149	218
1042	18	644	224
3343	21	9473	224
2329	8	2328	222
1042	18	1467	184
9144	18	1027	170
2414	8	2415	209
1042	18	160	217
9144	18	1027	179
3358	21	9473	226
2379	8	2380	171
1042	18	435	203
135	18	1591	220
9144	18	1035	169
1042	18	1467	178
135	18	2004	202
135	18	2004	206
2369	8	2370	183
9144	18	1041	166
2341	8	2340	165
2378	8	2377	167
1042	18	1051	207
9144	18	9139	179
8552	19	9149	192
1042	18	979	199
2691	19	9149	216
2294	8	2295	170
1042	18	297	225
9144	18	1029	223
680	18	9131	176
9144	18	1027	198
135	18	534	196
1042	18	876	201
9144	18	698	187
2278	8	2277	183
9522	21	9442	189
1042	18	160	163
9144	18	704	173
9144	18	9136	191
9144	18	696	185
9144	18	687	187
2373	8	2374	181
135	18	1014	197
9144	18	137	169
135	18	1014	193
1042	18	1551	229
2369	8	2370	171
9144	18	9139	176
2409	8	2410	174
2402	8	2403	205
8552	19	9149	203
9144	18	137	202
2287	8	2286	214
2318	8	2440	221
2440	8	2318	190
135	18	1013	205
9534	21	9465	163
135	18	534	187
6400	19	9159	223
2448	8	2462	197
2318	8	2440	211
2990	19	9159	218
6400	19	9159	180
1042	18	1651	191
135	18	1013	225
135	18	1470	204
1042	18	297	215
9144	18	1027	213
2310	19	1991	171
9144	18	1027	212
1042	18	567	183
9144	18	1027	210
3244	21	9473	226
9463	21	9464	214
9144	18	1029	172
1042	18	645	183
2205	7	2206	222
7018	19	1991	211
1042	18	876	180
1042	18	567	200
135	18	2004	207
135	18	9132	185
9534	21	9465	169
2440	8	2318	179
135	18	438	177
680	18	9135	176
9534	21	9465	176
1042	18	160	198
1042	18	1051	203
3024	19	1992	223
1042	18	160	166
1042	18	1651	217
2320	8	2321	229
9144	18	1031	229
3244	21	9473	231
9144	18	708	230
1042	18	1651	186
9534	21	9465	164
135	18	1014	190
2409	8	2410	167
3250	21	9434	183
1042	18	160	194
6195	19	1991	171
135	18	1591	167
2405	8	2404	219
7018	19	1991	174
135	18	602	210
135	18	1426	190
1042	18	567	212
8842	19	9149	183
135	18	1468	181
3024	19	1992	212
135	18	438	207
2990	19	9159	207
9144	18	137	173
1042	18	435	187
1042	18	645	162
1042	18	1441	213
8842	19	9149	202
1042	18	645	185
1042	18	645	206
680	18	9135	181
1042	18	1050	178
9144	18	9136	205
2448	8	2447	216
2373	8	2374	189
9144	18	9137	189
1745	19	1936	181
3345	21	9473	223
2463	8	2464	195
9144	18	687	191
1042	18	1441	189
2405	8	2404	215
135	18	534	211
2440	8	2318	176
1042	18	1051	178
9495	21	9451	193
9144	18	708	226
2286	8	2287	204
135	18	9131	223
9144	18	1041	209
135	18	1591	165
9162	19	948	211
3345	21	9473	231
2407	8	2406	222
9144	18	137	171
135	18	602	221
135	18	9133	213
9144	18	1034	230
9144	18	9140	229
1042	18	409	180
9144	18	9136	211
1042	18	297	173
1042	18	568	215
3377	21	9435	208
1042	18	568	162
1042	18	377	230
1042	18	567	169
135	18	1470	177
3250	21	9434	195
135	18	854	209
1042	18	567	190
9144	18	1029	186
1042	18	644	211
135	18	954	218
1042	18	1050	190
2404	8	2405	209
2373	8	2374	165
1042	18	160	209
1866	19	1991	179
400	18	3078	187
2407	8	2406	218
9144	18	696	209
2990	19	9159	192
3345	21	9473	224
135	18	1470	183
3024	19	1992	207
1042	18	409	187
1866	19	1991	184
135	18	854	180
135	18	9133	227
1042	18	567	206
1042	18	1051	190
2278	8	2277	181
2349	8	2348	183
135	18	1014	206
3243	19	1918	222
1042	18	377	165
9144	18	9137	208
9144	18	696	197
3024	19	1992	230
1042	18	409	214
1745	19	1936	171
9144	18	9136	190
2447	8	2448	223
135	18	1470	167
3273	21	9435	223
1042	18	876	166
9144	18	9137	191
6400	19	9159	182
3253	21	9435	228
8842	19	9149	188
2691	19	9149	208
135	18	854	211
1042	18	160	211
9144	18	704	219
680	18	9134	173
9470	21	9455	167
9144	18	687	174
135	18	1013	211
1042	18	876	168
9144	18	137	162
1042	18	160	228
135	18	9130	185
9144	18	1035	219
2402	8	2403	212
1042	18	489	178
1042	18	967	209
2286	8	2287	180
1042	18	1467	213
2394	8	2395	206
2318	8	2440	203
9144	18	9140	177
2448	8	2447	209
1042	18	1551	209
1042	18	377	225
1042	18	377	196
7018	19	1991	200
680	18	9130	177
1042	18	967	207
9144	18	137	163
1042	18	1441	166
2448	8	2447	227
135	18	602	195
1042	18	967	164
3250	21	9434	191
2433	8	2432	226
400	18	3078	203
1042	18	1467	167
3024	19	9153	171
135	18	9134	225
135	18	1426	184
1042	18	1651	196
1745	19	1936	174
2373	8	2374	175
1042	18	570	220
135	18	1426	225
680	18	9130	163
2463	8	2464	204
9144	18	1029	188
9144	18	1027	216
135	18	9135	220
2409	8	2410	163
1042	18	377	167
2990	19	9159	227
135	18	1426	197
9144	18	1041	217
2691	19	9149	211
135	18	9132	194
2424	8	2425	190
2691	19	9149	213
135	18	9132	220
2295	8	2294	173
9144	18	9137	201
6400	19	9159	214
1042	18	1051	165
2406	8	2407	220
2395	8	2394	191
2348	8	2349	186
2373	8	2374	180
2370	8	2369	170
2394	8	2395	194
9144	18	1035	167
9144	18	704	212
680	18	9132	180
2318	8	2440	210
9144	18	698	185
135	18	534	193
9144	18	1041	203
9144	18	687	199
1042	18	876	176
2405	8	2404	198
1042	18	297	188
2370	8	2369	182
6400	19	9159	193
135	18	1468	228
9144	18	1031	225
9144	18	696	210
2358	8	2359	209
9162	19	948	179
2691	19	9149	200
135	18	1470	170
1042	18	1467	164
135	18	1470	198
9144	18	9140	194
135	18	9131	211
8552	19	9149	184
1042	18	715	211
1042	18	567	185
9144	18	9139	174
135	18	2004	186
2990	19	9159	168
2358	8	2359	218
9144	18	1029	200
2348	8	2349	183
135	18	9133	189
1042	18	297	206
680	18	9131	170
135	18	1013	212
3244	21	9473	220
1042	18	1551	207
2990	19	9159	197
1042	18	377	169
9144	18	1035	195
9144	18	137	211
2394	8	2395	193
135	18	1014	199
2340	8	2341	167
7018	19	1991	198
9144	18	1041	213
2318	8	2440	200
3024	19	1992	231
135	18	9133	183
3351	21	9435	213
2414	8	2415	192
2440	8	2318	182
1042	18	644	186
9144	18	1029	207
2691	19	9149	163
1042	18	1051	227
1042	18	644	227
1042	18	435	172
680	18	9131	181
9144	18	137	205
9144	18	1029	175
135	18	438	176
1042	18	967	166
9144	18	698	220
9144	18	1035	209
2462	8	2448	202
1042	18	1441	167
135	18	9134	210
9144	18	704	214
2402	8	2403	213
1042	18	1050	170
9534	21	9465	197
1858	19	969	228
2205	7	2206	224
9144	18	708	225
2424	8	2425	164
2440	8	2318	206
9144	18	1031	163
2463	8	2464	171
1042	18	409	196
2990	19	9159	169
1042	18	645	184
1745	19	1936	211
1042	18	1051	184
9144	18	1031	223
9144	18	687	173
1042	18	1050	223
1042	18	967	182
3345	21	9473	225
135	18	2004	170
400	18	3078	172
135	18	9134	229
2330	8	2331	221
1042	18	160	230
1042	18	435	167
9144	18	704	221
6400	19	9159	225
3409	21	9434	170
1042	18	435	165
9144	18	9137	177
2424	8	2425	165
9144	18	1031	183
1042	18	967	227
2462	8	2448	194
135	18	1591	229
2404	8	2405	225
135	18	954	219
1858	19	969	227
135	18	9134	182
135	18	1014	188
9144	18	9140	203
1042	18	1050	195
1042	18	489	231
6195	19	1991	197
135	18	1470	169
3338	21	9473	231
9144	18	704	197
135	18	602	197
680	18	9132	174
2406	8	2407	218
2429	8	2428	219
9144	18	1031	207
9470	21	9455	196
9144	18	695	231
1042	18	1551	224
2424	8	2425	204
9144	18	1027	188
2990	19	9159	215
680	18	9131	168
9144	18	696	163
2379	8	2380	167
1042	18	1651	208
1042	18	377	176
135	18	1470	205
2990	19	9159	186
1858	19	969	212
3358	21	9473	229
9144	18	687	213
1042	18	644	163
2414	8	2415	196
9144	18	687	219
9144	18	9139	211
135	18	534	190
135	18	534	203
8842	19	9149	201
135	18	9132	225
6195	19	1991	172
3250	21	9434	205
2414	8	2415	203
6400	19	9159	195
2317	8	2318	172
1042	18	715	215
3409	21	9434	173
135	18	9133	182
135	18	2004	226
1745	19	1936	177
1042	18	979	185
1042	18	435	207
2278	8	2277	182
9144	18	1027	226
135	18	9134	188
9144	18	1035	168
135	18	954	206
1042	18	377	215
9144	18	1035	215
1042	18	979	172
1042	18	1467	202
1042	18	715	197
135	18	9133	206
2405	8	2404	211
2406	8	2408	203
8552	19	9149	166
9144	18	137	183
2433	8	2432	214
2380	8	2379	171
1042	18	568	177
135	18	1426	164
2370	8	2369	178
135	18	602	227
9432	21	9433	218
9162	19	948	206
2432	8	2433	214
2463	8	2464	191
135	18	1426	229
135	18	602	191
2691	19	9149	190
9144	18	9136	227
9144	18	696	218
9531	21	9458	207
135	18	534	173
2470	8	2471	220
135	18	1426	181
135	18	1591	196
1866	19	1991	180
1042	18	876	198
2410	8	2409	173
2470	8	2471	214
9144	18	1035	207
9144	18	1031	205
1042	18	297	191
1042	18	160	229
3345	21	9473	229
2386	8	2385	203
9144	18	708	197
3024	19	1992	215
1042	18	409	220
1042	18	1551	221
2265	8	2266	226
9470	21	9455	175
9144	18	1029	213
135	18	1591	177
2432	8	2433	218
2470	8	2471	221
2405	8	2404	196
1866	19	1991	183
680	18	9130	175
2407	8	2406	212
1042	18	160	226
3250	21	9434	209
400	18	3078	176
1042	18	489	223
9144	18	698	199
2294	8	2295	171
2440	8	2318	207
9144	18	9140	170
9144	18	9137	193
2463	8	2464	230
1042	18	645	225
3243	19	1918	219
1042	18	967	226
9144	18	704	217
135	18	438	163
135	18	1470	190
680	18	9134	179
135	18	9135	217
135	18	9130	209
1858	19	969	202
135	18	854	199
1042	18	645	171
9144	18	708	203
2414	8	2415	206
1042	18	409	163
680	18	9130	169
3346	21	9473	228
1042	18	160	208
2409	8	2410	166
3358	21	9473	227
1042	18	409	225
2404	8	2405	220
2405	8	2404	210
1042	18	377	197
3250	21	9434	203
135	18	438	205
135	18	1013	203
135	18	9131	228
1042	18	570	203
2373	8	2374	173
135	18	534	227
1042	18	1467	187
1042	18	967	167
135	18	9132	206
135	18	9132	193
1042	18	1551	184
1042	18	1441	198
2463	8	2464	188
2277	8	2278	190
9144	18	1041	186
8842	19	9149	228
6400	19	9159	207
9144	18	696	207
135	18	1426	182
1042	18	568	204
1042	18	377	228
1042	18	979	214
1042	18	1051	166
135	18	1591	227
1042	18	876	162
3346	21	9473	216
135	18	9133	185
2405	8	2404	225
135	18	1470	181
7018	19	1991	215
135	18	1468	184
135	18	1468	211
135	18	1426	200
2395	8	2394	205
1042	18	297	170
2691	19	9149	206
135	18	1014	224
3244	21	9473	230
2286	8	2287	216
2437	8	2467	211
1042	18	435	186
1042	18	570	214
1042	18	1441	214
3024	19	1992	211
135	18	602	202
9144	18	1031	165
2395	21	9462	218
9144	18	687	177
3358	21	9473	219
135	18	9135	197
1042	18	1651	225
9144	18	1027	200
1042	18	297	184
9144	18	708	213
1042	18	1050	208
6400	19	9159	213
1042	18	876	224
9162	19	948	213
135	18	1591	189
2404	8	2405	230
2287	8	2286	174
135	18	9134	193
2286	8	2287	174
9144	18	9136	184
135	18	1426	167
9144	18	704	204
135	18	1014	204
135	18	854	186
9144	18	9136	206
9432	21	9433	215
7018	19	1991	190
1042	18	489	169
1042	18	979	218
2414	8	2415	211
1042	18	409	208
9162	19	948	224
9534	21	9465	196
135	18	9134	201
1042	18	967	173
400	18	3078	174
1042	18	967	206
9470	21	9455	222
9432	21	9465	218
135	18	1468	212
2265	8	2266	215
680	18	9132	173
9144	18	137	220
2448	8	2447	218
135	18	438	223
9463	21	9464	216
9144	18	1027	184
135	18	438	194
2691	19	9149	212
1042	18	567	203
1042	18	979	210
1042	18	568	171
2330	8	2331	214
2394	8	2395	202
9470	21	9455	206
9144	18	9136	218
135	18	954	220
8552	19	9149	180
135	18	1591	162
3250	21	9434	227
9144	18	1027	193
9144	18	137	212
1042	18	377	164
2394	8	2395	215
2287	8	2286	178
135	18	438	188
135	18	9134	216
2473	8	2474	230
9144	18	696	187
3024	19	9153	166
680	18	9135	165
9144	18	698	176
2428	8	2429	219
135	18	1468	225
135	18	9132	202
9144	18	9140	220
9144	18	1034	231
9144	18	9140	197
9162	19	948	201
135	18	954	187
9144	18	698	207
2395	21	9462	212
680	18	9134	180
135	18	534	169
2447	8	2448	210
135	18	9130	195
2414	8	2415	231
135	18	9133	215
135	18	1013	217
135	18	438	202
2414	8	2415	208
7018	19	1991	194
8552	19	9149	167
135	18	534	202
135	18	1013	222
2348	8	2349	187
135	18	9131	202
9144	18	1035	198
2424	8	2425	173
3345	21	9473	218
1042	18	1051	195
680	18	9133	180
135	18	1591	219
1042	18	1441	210
9144	18	9139	175
1042	18	644	220
1042	18	435	204
2406	8	2408	209
2373	8	2374	170
2426	8	2403	197
9144	18	1035	192
2424	8	2425	193
9470	21	9455	199
1042	18	1467	209
1042	18	1441	196
135	18	1426	165
135	18	9132	215
1042	18	297	221
9144	18	1041	185
1042	18	645	204
1042	18	876	231
9515	21	9457	189
9470	21	9455	187
1042	18	644	212
2414	8	2415	194
3352	21	9473	208
9144	18	1029	201
9144	18	1029	218
2424	8	2425	181
135	18	602	181
852	21	9473	231
2286	8	2287	206
9144	18	9136	225
135	18	602	219
135	18	1470	162
2405	8	2404	200
2691	19	9149	207
9144	18	698	182
9144	18	687	198
135	18	602	203
1745	19	1936	195
135	18	9132	189
9534	21	9465	201
135	18	534	183
135	18	9135	204
9144	18	1027	190
1042	18	1441	181
135	18	534	218
1042	18	1467	165
2990	19	9159	179
135	18	1426	208
1042	18	489	222
2990	19	9159	211
2990	19	9159	180
135	18	2004	188
9144	18	9140	190
9144	18	1041	192
2691	19	9149	178
680	18	9133	166
135	18	2004	225
1042	18	489	197
1042	18	876	173
135	18	9131	207
135	18	954	208
1042	18	160	224
2414	8	2415	223
1042	18	570	177
2358	8	2359	213
2379	8	2380	170
1042	18	645	182
8842	19	9149	219
680	18	9132	165
1042	18	1551	171
9144	18	1041	227
9144	18	1031	216
2318	8	2440	191
3345	21	9473	216
135	18	1470	193
1042	18	297	217
1042	18	489	229
135	18	9133	214
135	18	1468	219
9470	21	9455	179
7018	19	1991	214
9144	18	1029	221
1042	18	645	190
2440	8	2318	186
8842	19	9149	211
1042	18	409	209
9144	18	1029	224
2373	8	2374	168
9144	18	1035	190
2330	8	2331	230
2691	19	9149	189
2373	8	2374	184
2404	8	2405	202
9144	18	1027	183
1042	18	876	211
1042	18	409	207
1042	18	409	223
135	18	9131	184
2265	8	2266	229
2447	8	2448	216
9144	18	1035	210
9144	18	708	171
680	18	9135	180
1042	18	409	202
2414	8	2415	191
1042	18	967	210
2405	8	2404	206
6195	19	1991	167
1042	18	377	200
3024	19	1992	225
1042	18	409	213
9162	19	948	196
1042	18	570	166
9162	19	948	208
1745	19	1936	206
9144	18	704	209
2447	8	2448	220
135	18	854	185
1042	18	1467	174
9470	21	9455	201
2394	8	2395	221
9463	21	9464	217
6195	19	1991	186
9144	18	1035	186
135	18	1014	228
135	18	438	198
680	18	9133	165
1042	18	644	214
1042	18	409	182
135	18	1470	199
9144	18	698	171
2990	19	9159	231
1042	18	568	169
1042	18	645	193
2448	8	2447	221
9470	21	9455	177
6400	19	9159	219
135	18	954	230
9144	18	137	197
1042	18	568	203
1042	18	645	212
135	18	2004	163
1042	18	1651	199
2310	19	1991	185
1042	18	489	201
400	18	3078	191
135	18	9135	229
2404	8	2405	214
1042	18	435	208
9144	18	698	168
9144	18	704	223
3024	19	1992	221
1042	18	1441	169
2470	8	2471	226
1042	18	1651	190
9144	18	687	220
3024	19	1992	229
2463	8	2464	172
135	18	1468	196
9144	18	708	182
1042	18	435	179
1042	18	644	231
1042	18	715	201
9144	18	9139	221
9144	18	698	166
1042	18	715	184
9144	18	696	178
9144	18	696	192
1042	18	1551	172
9144	18	687	178
1042	18	377	170
2318	8	2440	202
9144	18	9139	210
9144	18	1041	187
9144	18	1041	164
2470	8	2471	213
1042	18	1467	208
1042	18	644	170
2405	8	2404	204
9144	18	9140	218
135	18	9130	216
135	18	9135	222
2340	8	2341	165
9144	18	1029	229
135	18	854	164
1042	18	570	190
135	18	854	181
9162	19	948	215
9144	18	698	216
9162	19	948	186
7018	19	1991	172
2414	8	2415	218
9144	18	1027	227
1042	18	1651	162
1042	18	377	210
1042	18	876	175
9144	18	687	172
2404	8	2405	200
1042	18	435	202
1042	18	644	217
9144	18	696	200
1042	18	1551	189
9144	18	698	227
135	18	9131	218
2358	8	2359	223
135	18	1470	171
9144	18	9139	223
9144	18	1029	193
1042	18	1050	201
2691	19	9149	185
680	18	9133	172
8842	19	9149	216
9534	21	9465	172
2394	8	2395	219
1042	18	644	219
135	18	9132	216
9144	18	698	177
1042	18	297	171
1042	18	645	175
9144	18	1031	164
2358	8	2359	210
9144	18	708	223
9144	18	696	206
135	18	9130	197
2379	8	2380	166
135	18	1470	225
1042	18	570	209
2448	8	2447	226
135	18	1426	209
9144	18	1029	179
9144	18	1041	218
135	18	1426	220
1042	18	644	174
1042	18	297	201
135	18	2004	193
1042	18	1651	216
135	18	602	182
2691	19	9149	184
1042	18	570	197
1042	18	1467	214
1042	18	1651	176
1042	18	489	216
9144	18	1029	182
3409	21	9434	164
1042	18	979	171
135	18	1014	195
9144	18	1035	220
3288	21	9435	218
1042	18	645	215
2409	8	2410	164
1042	18	1051	186
9144	18	704	213
135	18	954	226
2287	8	2286	194
2378	8	2377	165
2410	8	2409	167
1042	18	568	166
3250	21	9434	213
1042	18	489	215
2400	8	2401	180
9144	18	704	185
9162	19	948	193
6400	19	9159	226
135	18	438	172
1042	18	489	191
1042	18	567	216
2394	8	2395	213
1042	18	967	179
1042	18	489	185
9144	18	687	212
7018	19	1991	179
9144	18	1041	226
2286	8	2287	189
1042	18	1467	212
135	18	854	219
9534	21	9465	213
1042	18	876	215
9144	18	1040	231
2265	8	2266	222
9534	21	9465	168
9144	18	696	230
2402	8	2403	210
1042	18	645	189
9144	18	9139	213
2463	8	2464	177
9144	18	698	202
1042	18	1441	205
9144	18	9139	214
1858	19	969	205
135	18	1426	173
1745	19	1936	169
9144	18	708	164
3250	21	9434	181
1042	18	409	199
2216	7	2206	225
9144	18	9137	176
1042	18	568	224
135	18	854	212
1042	18	979	208
1042	18	645	196
135	18	954	224
1042	18	967	183
1042	18	1551	228
3388	21	9473	226
1042	18	160	169
9470	21	9455	211
1042	18	645	222
1042	18	568	193
2287	8	2286	204
6195	19	1991	184
2373	8	2374	169
2318	8	2317	171
9144	18	687	218
1042	18	568	175
1042	18	979	197
3243	19	1918	226
1042	18	644	189
9144	18	137	209
9144	18	9140	214
2340	8	2341	163
135	18	2004	200
3345	21	9473	220
135	18	1468	226
7018	19	1991	203
135	18	1468	182
9144	18	137	201
135	18	438	217
9144	18	698	226
135	18	602	222
9144	18	1041	163
3352	21	9473	211
2286	8	2287	200
2310	19	1991	192
2402	8	2403	215
135	18	2004	180
2414	8	2415	186
9522	21	9451	184
2378	8	2377	168
8552	19	9149	205
1042	18	489	219
135	18	1468	192
9162	19	948	180
9144	18	1041	197
9144	18	9139	177
9144	18	1035	229
1042	18	967	231
1042	18	715	176
2317	8	2318	169
9144	18	696	216
3250	21	9434	177
9144	18	696	205
1042	18	567	178
9144	18	9140	202
1042	18	1051	189
2277	8	2278	184
2990	19	9159	195
9144	18	708	176
135	18	9130	219
2424	8	2425	201
9144	18	9139	198
135	18	9131	220
9144	18	708	216
3250	21	9434	201
400	18	3078	198
2447	8	2448	219
9144	18	708	165
135	18	9135	208
135	18	438	199
1042	18	377	183
1042	18	1051	175
9144	18	1041	205
680	18	9131	165
9144	18	9139	219
2318	8	2440	182
2414	8	2415	217
9144	18	687	175
9144	18	687	189
135	18	9130	191
3024	19	1992	203
1042	18	570	202
2329	8	2328	224
9144	18	698	165
1042	18	570	216
2394	8	2395	203
135	18	854	187
2406	8	2408	210
9144	18	9140	172
135	18	1468	204
6400	19	9159	204
135	18	1426	198
9144	18	708	227
1042	18	1651	207
2404	8	2405	207
1042	18	645	228
135	18	1014	223
1042	18	876	178
400	18	3078	193
3346	21	9473	229
1858	19	969	221
1042	18	297	229
1042	18	1551	205
135	18	9134	189
9144	18	1029	209
1042	18	1651	218
2286	8	2287	181
135	18	9133	186
8842	19	9149	212
6400	19	9159	191
1042	18	1467	183
135	18	1013	190
2394	8	2395	214
9144	18	1027	219
3358	21	9473	221
2404	8	2405	222
1042	18	1551	198
3323	21	9435	210
1042	18	1651	187
1042	18	1467	173
1042	18	1651	163
135	18	9135	192
2406	8	2407	211
1042	18	377	220
135	18	854	204
1042	18	568	199
2433	8	2432	228
1042	18	967	162
9144	18	9140	189
2406	8	2407	225
135	18	954	198
9144	18	1031	198
1042	18	1441	164
6400	19	9159	218
3250	21	9434	214
1042	18	1050	165
135	18	438	226
135	18	1014	227
9144	18	698	181
1042	18	489	194
2265	8	2266	177
1042	18	979	162
2473	8	2474	225
1042	18	567	192
7018	19	1991	201
2295	8	2294	168
135	18	2004	203
9144	18	9139	184
2286	8	2287	196
9144	18	137	166
1745	19	1936	208
9144	18	704	181
1042	18	567	168
9144	18	9140	173
1745	19	1936	170
1745	19	1936	165
2429	8	2428	216
2410	8	2409	170
2462	8	2448	203
1042	18	489	166
3345	21	9473	222
9144	18	696	204
9470	21	9455	227
135	18	9134	196
9144	18	687	226
1745	19	1936	190
1042	18	1441	190
2318	8	2440	199
2410	8	2409	176
9463	21	9464	215
2318	8	2440	231
135	18	602	200
9144	18	9140	200
135	18	9133	220
9144	18	9139	185
3358	21	9473	231
2990	19	9159	199
1042	18	1441	194
135	18	1013	227
135	18	9132	212
1042	18	567	172
2320	8	2321	230
1042	18	715	224
1042	18	967	163
9441	21	9451	207
1042	18	979	182
8552	19	9149	188
1042	18	567	170
1042	18	1050	216
8842	19	9149	221
135	18	534	181
1042	18	1651	192
135	18	9132	190
3024	19	1992	214
9444	21	9447	184
9144	18	9139	171
1042	18	570	162
3250	21	9434	199
135	18	1426	206
9144	18	9140	227
9144	18	9140	191
135	18	2004	184
2990	19	9159	181
2414	8	2415	222
135	18	1014	222
2990	19	9159	203
9162	19	948	185
2318	8	2440	193
135	18	9134	207
1042	18	568	217
9144	18	1041	173
1042	18	967	200
135	18	1426	207
2318	8	2440	218
135	18	854	189
1042	18	409	178
2400	8	2401	186
1042	18	568	208
135	18	9134	230
9144	18	1041	202
7018	19	1991	221
2414	8	2415	225
1042	18	644	178
1042	18	1551	210
9144	18	698	208
680	18	9132	175
6195	19	1991	165
135	18	954	202
9144	18	1041	212
135	18	1468	186
1042	18	715	186
2278	8	2277	192
9505	21	9458	171
1042	18	715	173
135	18	9135	200
2394	8	2395	217
9144	18	708	215
2440	8	2318	188
135	18	1013	210
135	18	1468	222
2691	19	9149	175
9144	18	1041	190
3243	19	1918	215
1042	18	876	221
135	18	1470	185
8842	19	9149	194
2317	8	2318	173
135	18	954	229
2341	8	2389	171
2394	8	2395	201
2440	8	2318	202
135	18	954	209
8552	19	9149	170
400	18	3078	181
9144	18	9139	212
1042	18	570	217
1042	18	979	164
9470	21	9455	185
135	18	9130	227
3250	21	9434	212
1042	18	644	215
9144	18	1035	166
2370	8	2369	173
135	18	602	186
680	18	9135	174
135	18	534	199
1042	18	645	187
135	18	1013	194
135	18	602	184
9162	19	948	175
135	18	854	229
1042	18	1051	174
1042	18	1651	164
9534	21	9465	208
9144	18	687	228
1042	18	1441	208
2414	8	2415	215
9144	18	1041	204
2287	8	2286	211
9144	18	696	229
2990	19	9159	175
1042	18	435	168
2286	8	2287	193
135	18	9134	206
9144	18	1027	175
135	18	534	188
135	18	9133	211
2990	19	9159	229
400	18	3078	179
2440	8	2318	218
9144	18	136	230
2320	8	2321	223
3287	21	9473	215
135	18	9134	192
2404	8	2405	221
1042	18	715	206
135	18	1014	196
135	18	1591	175
2370	8	2369	176
3250	21	9434	215
3024	19	1992	197
135	18	1426	203
9470	21	9455	178
9144	18	687	162
135	18	9134	199
9144	18	137	186
135	18	9135	183
6195	19	1991	185
2432	8	2433	226
2286	8	2287	198
1042	18	377	175
2310	19	1991	191
2286	8	2287	208
135	18	438	162
2468	8	2469	219
2463	8	2464	206
2405	8	2404	202
6400	19	9159	209
1042	18	644	230
1042	18	1051	199
9531	21	9451	173
9162	19	948	217
9144	18	1041	211
135	18	602	216
9144	18	698	205
9470	21	9455	183
135	18	534	167
2440	8	2318	196
1042	18	568	184
2389	8	2341	171
2406	8	2408	206
1745	19	1936	162
680	18	9135	172
680	18	9134	167
1042	18	1050	193
1042	18	409	197
9144	18	708	202
2691	19	9149	215
135	18	602	223
2405	8	2404	223
9162	19	948	195
9144	18	1031	180
2428	8	2429	216
9144	18	704	199
9144	18	696	225
9144	18	696	203
1042	18	489	218
9144	18	1035	175
9144	18	9137	179
2433	8	2432	216
9144	18	9140	211
1042	18	876	218
1042	18	1551	192
1042	18	644	175
9144	18	9139	206
2691	19	9149	217
1042	18	715	190
9144	18	9140	204
1042	18	644	190
135	18	1013	206
2369	8	2370	173
9144	18	708	188
1042	18	1467	185
6195	19	1991	178
8842	19	9149	231
9470	21	9455	224
135	18	854	190
2395	8	2394	214
1042	18	1441	223
3313	21	9434	180
2462	8	2448	196
135	18	534	204
400	18	3078	188
135	18	954	193
2386	8	2385	202
9144	18	9139	167
2428	8	2430	231
135	18	1013	230
135	18	9130	205
9144	18	1041	207
9144	18	137	221
2287	8	2286	190
135	18	1426	163
1042	18	570	201
1042	18	567	186
1042	18	570	185
1042	18	1050	167
2463	8	2464	221
135	18	2004	181
400	18	3078	184
1042	18	297	199
2400	8	2401	185
2691	19	9149	171
1042	18	979	206
2448	8	2447	212
2424	8	2425	195
2463	8	2464	194
135	18	2004	179
135	18	954	227
1042	18	435	216
2472	8	2374	210
9144	18	9139	228
3244	21	9473	223
2341	8	2340	163
9144	18	708	195
2424	8	2425	194
6195	19	1991	199
2463	8	2464	182
135	18	1591	199
9526	21	9457	198
1042	18	1467	163
2216	7	2206	222
2440	8	2318	180
2378	8	2377	173
1745	19	1936	204
135	18	1591	211
1042	18	979	202
6400	19	9159	211
1042	18	160	225
2691	19	9149	177
135	18	9130	184
9144	18	708	175
1042	18	489	220
9144	18	687	203
135	18	9134	181
1042	18	1551	176
2414	8	2415	205
680	18	9135	177
135	18	9134	184
9144	18	687	214
1745	19	1936	196
1042	18	297	213
2440	8	2318	209
9144	18	696	226
2407	8	2406	213
9144	18	9137	164
6400	19	9159	215
9144	18	704	187
680	18	9133	174
135	18	1470	222
9144	18	137	213
1042	18	1551	177
135	18	438	190
2277	8	2278	185
2348	8	2349	184
1042	18	489	217
135	18	9135	206
135	18	9133	192
1042	18	1651	205
9144	18	9137	198
135	18	9135	221
1042	18	967	190
680	18	9133	179
135	18	1470	165
9144	18	1041	170
2447	8	2448	231
1042	18	570	173
1042	18	377	163
135	18	1468	206
9144	18	1027	178
2448	8	2462	198
1042	18	1051	220
135	18	9132	210
1042	18	1467	217
135	18	1013	181
135	18	2004	183
9144	18	704	193
680	18	9134	181
1042	18	979	213
7018	19	1991	209
2373	8	2374	193
7018	19	1991	210
1042	18	967	229
2470	8	2471	225
2394	8	2395	196
1042	18	979	220
135	18	1470	200
9144	18	1031	212
9144	18	708	174
2432	8	2433	205
9144	18	137	228
2691	19	9149	174
2428	8	2429	217
3243	19	1918	220
9144	18	1029	189
9144	18	687	169
680	18	9134	174
1042	18	1441	187
1042	18	570	213
9470	21	9455	186
9144	18	1035	172
9144	18	1041	169
9144	18	9140	162
2395	8	2394	196
1042	18	409	200
9144	18	9137	196
1042	18	979	231
8842	19	9149	224
2310	19	1991	170
1042	18	409	228
9144	18	1027	186
135	18	1014	181
9144	18	1029	203
9144	18	137	215
9534	21	9465	192
1042	18	979	204
9144	18	137	217
1042	18	967	181
9144	18	698	222
1042	18	297	209
135	18	1470	209
2318	8	2440	213
2286	8	2287	178
135	18	1468	201
680	18	9133	177
135	18	2004	185
7018	19	1991	171
1042	18	876	189
1042	18	715	166
1042	18	570	211
6195	19	1991	163
1042	18	568	174
135	18	9135	191
3250	21	9434	178
9144	18	1035	178
9144	18	9139	172
8552	19	9149	163
1042	18	1050	230
9144	18	1041	167
3243	19	1918	231
2414	8	2415	189
1042	18	1441	178
2414	8	2415	207
1042	18	1441	222
9144	18	9140	192
3024	19	1992	210
1042	18	160	191
3345	21	9473	219
1042	18	409	205
2216	7	2206	231
135	18	1014	213
135	18	438	180
8552	19	9149	186
1042	18	568	209
9144	18	1027	230
1042	18	1467	176
1042	18	715	164
2404	8	2405	201
2406	8	2408	204
135	18	438	201
680	18	9134	164
1042	18	435	215
1042	18	297	183
2380	8	2379	167
3250	21	9434	172
9162	19	948	188
2318	8	2440	189
135	18	9134	194
9144	18	1027	202
2463	8	2464	231
2394	8	2395	222
9144	18	698	221
9144	18	1031	170
135	18	9133	231
2286	8	2287	188
9144	18	1035	194
135	18	1470	168
135	18	2004	172
8842	19	9149	187
9144	18	1027	189
1745	19	1936	172
1042	18	1551	162
135	18	954	196
2424	8	2425	168
2407	8	2406	228
2373	8	2374	195
2437	8	2467	210
2287	8	2286	207
2318	8	2440	190
1042	18	1051	211
1042	18	876	187
9144	18	687	210
9144	18	9137	178
3250	21	9434	169
135	18	1591	210
1042	18	1441	202
9470	21	9455	166
9144	18	9136	198
9144	18	704	194
135	18	9134	183
1042	18	1050	174
135	18	602	213
1042	18	1651	185
2318	8	2317	169
1042	18	1467	182
2990	19	9159	213
9144	18	687	202
3358	21	9473	223
9162	19	948	209
2265	8	2266	220
1042	18	1651	180
9144	18	687	205
1042	18	1441	225
9460	21	9434	228
135	18	9132	207
3250	21	9434	190
1042	18	967	224
135	18	1014	191
2463	8	2464	187
1042	18	567	199
9144	18	9139	178
2394	8	2395	205
8842	19	9149	200
135	18	1468	194
2405	8	2404	222
135	18	1014	194
9144	18	696	214
135	18	1470	212
2395	8	2394	207
9144	18	9137	182
135	18	1014	216
9144	18	698	203
1042	18	567	163
135	18	854	171
1042	18	645	176
135	18	1591	192
680	18	9132	163
3250	21	9434	174
2405	8	2404	229
1042	18	1467	215
2286	8	2287	176
9144	18	9136	217
1042	18	160	222
9144	18	698	191
9144	18	708	209
2358	8	2359	226
9162	19	948	184
135	18	9131	213
2380	8	2379	165
2433	8	2432	217
135	18	1426	187
1042	18	570	168
8842	19	9149	193
2287	8	2286	205
2470	8	2471	212
3346	21	9473	214
1042	18	1651	189
9144	18	704	206
2414	8	2415	230
9144	18	9137	202
3250	21	9434	223
1745	19	1936	178
2440	8	2318	191
2432	8	2433	225
1042	18	435	210
3024	19	1992	201
680	18	9133	178
1042	18	1441	163
135	18	9131	187
1042	18	1050	188
2373	8	2374	162
1042	18	1441	170
3250	21	9434	229
9144	18	9136	169
2463	8	2464	190
2424	8	2425	197
2447	8	2448	209
680	18	9134	168
6400	19	9159	210
135	18	854	162
9144	18	1031	168
2405	8	2404	201
1042	18	876	182
135	18	1426	193
9162	19	948	178
9144	18	9136	172
1042	18	1441	224
1042	18	570	199
135	18	954	225
9144	18	9136	167
1042	18	489	211
135	18	1013	218
680	18	9132	179
6400	19	9159	201
1042	18	1651	209
135	18	1591	208
9144	18	137	174
1042	18	1651	168
2440	8	2318	217
2463	8	2464	184
9144	18	696	162
1042	18	435	221
135	18	2004	162
9463	21	9464	213
2278	8	2277	186
1042	18	570	178
1042	18	644	209
9144	18	698	179
135	18	9135	219
9144	18	708	178
1042	18	567	226
3243	19	1918	214
135	18	854	195
9144	18	9140	187
1042	18	1441	216
1042	18	409	212
680	18	9135	168
1042	18	645	213
9439	21	9434	210
135	18	534	179
3243	19	1918	224
1042	18	876	179
1042	18	715	162
2448	8	2462	199
1042	18	644	208
9144	18	704	189
9144	18	704	230
135	18	1591	205
1042	18	1051	225
2377	8	2378	166
135	18	1470	196
3243	19	1918	221
135	18	9135	185
1042	18	979	221
7018	19	1991	187
1042	18	489	227
680	18	9130	166
2287	8	2286	215
680	18	9131	173
8552	19	9149	177
9144	18	9139	186
1042	18	570	182
9470	21	9455	205
3346	21	9473	230
400	18	3078	183
1042	18	1651	219
135	18	1426	213
2410	8	2409	174
1745	19	1936	202
680	18	9134	177
9144	18	1041	206
1042	18	967	192
1042	18	568	231
2424	8	2425	162
3409	21	9434	175
680	18	9131	164
9144	18	1028	230
1042	18	979	176
9144	18	1041	214
1042	18	409	173
1042	18	567	230
1042	18	644	198
9144	18	698	190
9144	18	9136	223
9162	19	948	167
1042	18	1551	203
680	18	9132	170
9144	18	9137	169
9144	18	1027	162
9439	21	9434	207
1042	18	297	196
2463	8	2464	219
2432	8	2433	220
1042	18	1441	191
9144	18	1035	221
3024	19	9153	167
9144	18	708	168
1042	18	1651	223
9144	18	1029	181
1042	18	435	196
1042	18	489	175
2287	8	2286	199
135	18	1591	166
9144	18	9140	228
9144	18	9137	229
9144	18	9136	220
2277	8	2278	193
135	18	9131	192
2341	8	2340	171
1042	18	377	173
2340	8	2341	166
1042	18	297	163
135	18	9133	204
135	18	534	221
1042	18	568	180
1042	18	568	228
2691	19	9149	181
9534	21	9465	181
1042	18	570	194
2373	8	2374	197
9144	18	698	218
9144	18	1029	184
1042	18	1651	175
2432	8	2433	230
1042	18	160	199
9144	18	9139	162
3250	21	9434	194
9144	18	1035	173
2428	8	2429	215
2377	8	2378	165
1042	18	160	164
135	18	1591	171
1042	18	644	222
1745	19	1936	182
2216	7	2206	223
3250	21	9434	197
2394	8	2395	190
2287	8	2286	176
135	18	1426	179
9144	18	9137	180
135	18	438	189
1042	18	1651	201
9144	18	1031	220
1042	18	1551	218
6400	19	9159	190
9144	18	9137	166
680	18	9132	178
1042	18	570	170
1042	18	1441	174
9144	18	9139	225
135	18	1013	223
9162	19	948	226
2409	8	2410	168
135	18	954	207
2395	8	2394	197
2395	21	9462	189
2395	8	2394	200
2310	19	1991	177
1042	18	967	191
9470	21	9455	210
2407	8	2406	211
1745	19	1936	173
1042	18	435	174
1042	18	409	168
2370	8	2369	179
9144	18	687	170
9470	21	9455	216
1042	18	568	183
2318	8	2440	223
1042	18	1441	197
1866	19	1991	175
6195	19	1991	174
1042	18	409	215
2341	8	2340	168
2404	8	2405	196
135	18	1014	198
135	18	9131	216
1042	18	297	208
1042	18	979	203
9144	18	1029	202
9144	18	1029	167
1042	18	1467	166
1042	18	1551	202
9144	18	137	185
2424	8	2425	192
9144	18	708	198
135	18	854	226
9144	18	696	164
9144	18	704	162
135	18	854	172
1042	18	570	191
2216	7	2206	228
2310	19	1991	162
1042	18	489	192
2990	19	9159	222
1042	18	1551	186
1042	18	570	172
9144	18	1029	228
3250	21	9434	202
1042	18	297	169
2432	8	2433	227
1042	18	297	223
2406	8	2407	212
1042	18	645	199
135	18	9135	218
2691	19	9149	221
9144	18	704	229
135	18	1013	185
9144	18	1041	193
2310	19	1991	179
1042	18	489	212
135	18	438	216
1042	18	1651	206
2395	21	9462	196
9144	18	1031	189
1042	18	1051	194
2424	8	2425	187
2406	8	2407	215
1042	18	568	164
2216	7	2206	224
2990	19	9159	164
2990	19	9159	193
135	18	1591	213
135	18	1426	170
1042	18	1441	185
135	18	1426	212
2410	8	2409	175
135	18	1013	209
1042	18	160	172
135	18	1426	178
3346	21	9473	218
9470	21	9455	226
2402	8	2403	217
9144	18	704	191
3243	19	1918	228
2405	8	2404	221
9497	21	9446	222
9144	18	687	194
3250	21	9434	216
9144	18	708	166
2463	8	2464	203
135	18	954	204
1042	18	967	221
9162	19	948	192
9144	18	9137	186
9144	18	687	200
9470	21	9455	203
1042	18	435	225
1042	18	1551	164
9144	18	698	192
1042	18	567	179
9144	18	708	191
135	18	534	213
135	18	9133	197
9144	18	9139	191
2394	8	2395	216
8842	19	9149	214
1042	18	979	175
1042	18	876	212
1042	18	435	176
9470	21	9455	209
135	18	1468	213
2395	21	9462	200
1042	18	297	198
9144	18	1041	196
1042	18	1050	168
9162	19	948	165
1042	18	1467	218
135	18	854	222
2424	8	2425	179
135	18	602	215
2286	8	2287	201
1042	18	568	210
2432	8	2433	210
9144	18	708	192
1042	18	409	226
1042	18	435	197
2691	19	9149	186
400	18	3078	204
2405	8	2404	220
1042	18	1051	185
2286	8	2287	219
1042	18	715	216
3352	21	9473	218
9144	18	687	163
1042	18	435	218
3343	21	9473	223
135	18	854	188
680	18	9130	171
9144	18	137	181
2463	8	2464	173
135	18	438	170
9144	18	1027	229
9144	18	698	178
135	18	854	182
9470	21	9455	182
2433	8	2432	223
9144	18	1027	204
1042	18	160	195
1042	18	645	172
1042	18	568	176
9144	18	704	205
680	18	9135	166
9534	21	9465	166
1042	18	567	194
135	18	2004	166
135	18	9135	184
9470	21	9455	189
9144	18	9136	178
2447	8	2448	226
2394	8	2395	192
1042	18	715	180
2691	19	9149	164
1042	18	1467	230
680	18	9132	169
1042	18	435	195
3352	21	9473	215
9144	18	698	174
1042	18	876	222
1042	18	1551	208
135	18	9134	197
135	18	1426	204
2318	8	2440	179
1042	18	1651	221
1042	18	967	219
1042	18	715	202
135	18	2004	177
9144	18	696	221
2405	8	2404	213
9144	18	9137	194
9144	18	704	178
135	18	854	228
2402	8	2403	207
9470	21	9455	172
135	18	2004	211
135	18	954	182
2424	8	2425	176
9144	18	9137	228
2990	19	9159	189
8842	19	9149	210
9144	18	9139	188
1042	18	1551	178
3024	19	1992	222
1042	18	567	195
135	18	1591	170
9495	21	9457	199
9144	18	9136	181
135	18	9130	187
9144	18	1031	210
2405	8	2404	227
2377	8	2378	167
9144	18	1027	168
135	18	1013	228
1042	18	1551	165
9144	18	1040	230
9470	21	9455	215
1042	18	568	222
9495	21	9442	206
3346	21	9473	227
1042	18	1551	196
2440	8	2318	228
135	18	9132	205
9144	18	137	178
9144	18	704	215
2330	8	2331	225
2389	8	2341	173
9534	21	9465	184
2448	8	2447	225
1042	18	644	210
9144	18	137	216
680	18	9132	172
2358	8	2359	206
1042	18	435	224
2407	8	2406	221
9144	18	1041	162
135	18	954	186
1042	18	568	194
9144	18	9136	183
9144	18	1035	230
1858	19	969	216
2470	8	2471	228
2404	8	2405	219
1042	18	568	230
9144	18	1031	187
9144	18	687	225
1042	18	1467	186
9144	18	9140	183
9144	18	137	184
135	18	1468	220
135	18	954	191
9144	18	704	166
135	18	854	220
1042	18	297	204
2265	8	2266	173
2395	21	9462	214
135	18	438	187
1042	18	297	189
9534	21	9465	211
3250	21	9434	164
135	18	9130	229
135	18	9130	194
3250	21	9434	211
9144	18	9137	181
9144	18	1035	224
9144	18	1027	195
1042	18	876	192
1042	18	644	207
9144	18	1031	211
8552	19	9149	172
9144	18	704	192
9144	18	9136	168
680	18	9135	179
1042	18	1441	206
1042	18	570	231
7018	19	1991	166
1042	18	1467	221
135	18	854	221
135	18	1426	211
9144	18	708	163
135	18	1470	182
135	18	9133	203
135	18	1426	185
9144	18	696	217
9144	18	9136	207
9144	18	1035	222
1866	19	1991	169
2447	8	2448	213
400	18	3078	169
135	18	438	195
1042	18	489	228
9144	18	704	167
9162	19	948	168
9144	18	698	201
1042	18	1441	231
680	18	9131	166
8552	19	9149	201
9144	18	696	180
135	18	534	200
2990	19	9159	214
6400	19	9159	183
9144	18	1029	170
135	18	854	178
1042	18	715	226
135	18	9131	199
9144	18	1035	225
2318	8	2440	196
9432	21	9461	176
9144	18	696	165
1042	18	160	178
9162	19	948	191
1042	18	876	210
9534	21	9465	179
2691	19	9149	172
1745	19	1936	203
3024	19	1992	186
7018	19	1991	199
9144	18	704	174
1042	18	570	206
135	18	1468	224
1866	19	1991	171
9144	18	687	165
3250	21	9434	210
1042	18	160	207
9144	18	704	203
2472	8	2374	205
135	18	9133	193
1042	18	1050	199
9144	18	1029	227
1042	18	644	226
2990	19	9159	198
2295	8	2294	169
9144	18	698	200
2448	8	2447	220
135	18	1470	216
135	18	9130	192
1042	18	876	193
1042	18	1551	204
1042	18	570	181
135	18	2004	191
2410	8	2409	168
1042	18	967	205
135	18	1013	186
1042	18	1651	173
135	18	534	210
2402	8	2403	218
2691	19	9149	182
2373	8	2374	190
1042	18	644	191
2414	8	2415	199
135	18	854	191
1042	18	979	222
2691	19	9149	203
9144	18	1027	169
135	18	9133	200
2406	8	2407	222
9144	18	1041	174
9144	18	1035	228
680	18	9130	172
2432	8	2433	213
9144	18	9140	176
2318	8	2440	183
2369	8	2370	177
7018	19	1991	205
2310	19	1991	173
9144	18	696	186
2318	8	2440	181
1042	18	979	226
2369	8	2370	176
3024	19	1992	219
9144	18	687	207
2990	19	9159	166
2424	8	2425	206
2395	8	2394	219
2990	19	9159	219
1042	18	409	198
2424	8	2425	171
2406	8	2407	216
1042	18	1050	191
2990	19	9159	228
135	18	9133	198
2287	8	2286	182
9534	21	9465	193
1042	18	979	183
135	18	438	166
2402	8	2403	219
135	18	1013	198
2295	8	2294	172
1042	18	876	208
9144	18	1027	187
1042	18	1467	204
2409	8	2410	176
1042	18	1050	204
3250	21	9434	228
2440	8	2318	197
9470	21	9455	192
9470	21	9455	225
135	18	9133	201
1042	18	645	194
9144	18	9137	171
2340	8	2341	168
2433	8	2432	230
7018	19	1991	212
6195	19	1991	181
135	18	9134	200
1042	18	1050	210
9144	18	9136	175
2330	8	2331	224
2409	8	2410	169
1042	18	568	220
9470	21	9455	191
9144	18	1031	176
9144	18	1031	208
135	18	854	206
2287	8	2286	191
3024	19	9153	168
1042	18	489	210
9470	21	9455	204
1042	18	1651	172
9144	18	704	182
2463	8	2464	220
9432	21	9433	219
6400	19	9159	200
135	18	9134	212
9144	18	1027	205
9144	18	1041	198
2463	8	2464	181
1042	18	876	181
1745	19	1936	209
1042	18	876	205
1042	18	1651	177
3024	19	1992	205
135	18	9130	228
2410	8	2409	169
9470	21	9455	197
1858	19	969	225
3024	19	9152	163
1042	18	715	229
135	18	854	196
1042	18	645	200
135	18	1470	202
1042	18	435	188
9144	18	9136	170
2318	8	2440	220
3409	21	9434	166
135	18	1591	179
2287	8	2286	200
135	18	1426	176
9144	18	9136	201
9144	18	708	201
2287	8	2286	181
2286	8	2287	205
135	18	534	229
2341	8	2340	170
1042	18	967	211
2379	8	2380	164
9144	18	687	179
680	18	9131	174
1042	18	1651	174
3287	21	9473	213
135	18	534	176
2428	8	2430	227
1042	18	644	228
1866	19	1991	186
8842	19	9149	185
1042	18	1051	226
2428	8	2430	230
1042	18	297	200
1042	18	377	226
8842	19	9149	208
9144	18	137	198
3409	21	9434	165
135	18	954	197
135	18	438	219
9144	18	9137	168
2463	8	2464	193
1042	18	645	217
2990	19	9159	200
2395	8	2394	203
1042	18	489	173
1042	18	568	167
135	18	534	207
7018	19	1991	163
135	18	1468	207
2373	8	2374	166
9144	18	1027	211
135	18	9130	222
1042	18	568	218
9144	18	9137	230
1042	18	645	179
2463	8	2464	202
9144	18	698	169
1042	18	645	214
9162	19	948	163
9144	18	1035	217
135	18	1470	219
9439	21	9434	205
6195	19	1991	168
3243	19	1918	229
3250	21	9434	171
1042	18	715	203
9144	18	686	230
135	18	954	215
135	18	1468	187
135	18	9132	211
6400	19	9159	179
2404	8	2405	210
1042	18	1050	205
2463	8	2464	210
9144	18	696	228
1042	18	160	210
135	18	602	211
135	18	438	230
135	18	1014	187
1042	18	979	194
135	18	1591	194
1042	18	979	205
1042	18	1050	215
1042	18	567	209
9144	18	9140	205
9144	18	1029	226
9144	18	1035	205
135	18	534	222
1042	18	1050	196
1042	18	715	223
2295	8	2294	171
2404	8	2405	203
9470	21	9455	230
2691	19	9149	168
9144	18	1035	171
2404	8	2405	227
1042	18	876	207
135	18	9131	197
7018	19	1991	216
9144	18	1029	162
1042	18	1051	173
9144	18	1031	179
9144	18	1029	190
135	18	438	210
1042	18	715	231
9144	18	1035	199
1042	18	568	197
1042	18	1050	211
9144	18	1035	174
1042	18	1050	224
1042	18	645	223
9144	18	696	183
2286	8	2287	215
1042	18	377	211
1042	18	570	204
6195	19	1991	201
9144	18	9139	230
1042	18	409	167
135	18	1470	224
1042	18	1050	202
9144	18	708	196
1042	18	160	193
6400	19	9159	178
8842	19	9149	197
9432	21	9433	217
1745	19	1936	164
1042	18	1441	192
1042	18	568	181
9144	18	9136	164
3388	21	9473	223
135	18	854	179
3244	21	9473	228
2414	8	2415	202
2385	8	2386	202
135	18	1013	197
1042	18	409	190
1042	18	377	222
2395	8	2394	206
1042	18	160	214
2394	8	2395	204
1042	18	1551	190
8552	19	9149	165
135	18	1591	217
135	18	438	225
135	18	602	224
135	18	2004	195
2329	8	2328	223
1042	18	644	164
2405	8	2404	230
3024	19	1992	191
1042	18	979	191
1858	19	969	206
2429	8	2428	217
2990	19	9159	226
135	18	1591	180
9470	21	9455	223
1042	18	967	189
9144	18	9140	166
1042	18	876	177
1042	18	1467	229
1042	18	645	219
135	18	9131	219
2405	8	2404	208
2433	8	2432	225
9144	18	687	181
2386	8	2385	204
1042	18	715	168
9470	21	9455	168
2286	8	2287	209
9144	18	9137	215
2440	8	2318	230
1042	18	876	225
2379	8	2380	165
2318	8	2440	229
1042	18	1467	172
9506	21	9451	208
135	18	9132	227
9162	19	948	204
2433	8	2432	222
6400	19	9159	229
1042	18	160	200
2990	19	9159	165
9144	18	9137	218
1042	18	644	171
135	18	1014	201
6400	19	9159	230
135	18	954	217
1042	18	435	181
1042	18	435	170
680	18	9131	167
2330	8	2331	220
1042	18	160	218
7018	19	1991	165
135	18	9130	208
2473	8	2474	224
1042	18	715	208
135	18	1468	203
135	18	1468	183
9144	18	696	181
135	18	9132	204
1042	18	570	175
1042	18	297	175
6400	19	9159	227
135	18	1013	215
2378	8	2377	169
2691	19	9149	187
6400	19	9159	228
1042	18	645	227
2277	8	2278	186
135	18	954	188
135	18	9135	188
1042	18	1051	229
1042	18	876	202
1042	18	435	182
135	18	2004	228
2394	8	2395	199
2990	19	9159	230
2405	8	2404	203
135	18	9132	203
1042	18	645	163
6400	19	9159	194
1042	18	489	167
1042	18	1467	179
9144	18	698	164
135	18	438	209
1042	18	1651	210
1042	18	644	201
2432	8	2433	212
1042	18	1467	168
1042	18	1651	203
1042	18	979	165
9144	18	1031	218
135	18	534	226
1042	18	1467	231
3345	21	9473	221
9534	21	9465	198
2287	8	2286	189
9144	18	9136	216
2447	8	2448	227
1042	18	1051	193
135	18	1013	226
1042	18	297	182
9144	18	698	162
9144	18	708	228
135	18	534	175
1042	18	1551	212
9144	18	708	181
6195	19	1991	194
135	18	1470	206
1745	19	1936	168
2691	19	9149	214
2380	8	2379	164
9144	18	9137	214
1042	18	1441	209
1042	18	435	169
3244	21	9473	227
9144	18	137	214
680	18	9130	167
2330	8	2331	226
2287	8	2286	218
135	18	9131	201
9162	19	948	220
2404	8	2405	199
9162	19	948	176
2309	8	2310	162
2394	8	2395	224
1042	18	1441	165
135	18	9132	188
2277	8	2278	182
1042	18	435	162
1866	19	1991	185
3024	19	1992	226
7018	19	1991	168
8552	19	9149	176
135	18	2004	175
135	18	1470	184
6195	19	1991	190
2310	19	1991	187
135	18	1470	207
2265	8	2266	176
1042	18	1051	200
2358	8	2359	229
135	18	1591	206
2349	8	2348	187
9144	18	9140	182
3250	21	9434	225
9144	18	696	168
2406	8	2407	210
1042	18	489	195
2990	19	9159	191
135	18	1468	195
135	18	9130	181
1042	18	570	221
1042	18	715	174
2328	8	2329	220
1042	18	1551	225
9144	18	1029	192
135	18	1470	214
135	18	9135	196
1042	18	967	188
1042	18	1651	204
135	18	9133	212
135	18	1426	174
9466	21	9440	227
135	18	2004	212
2287	8	2286	208
1042	18	489	187
1042	18	489	162
9534	21	9465	175
135	18	1426	201
135	18	1014	192
9144	18	9136	202
680	18	9131	163
400	18	3078	201
2448	8	2447	228
2691	19	9149	196
9144	18	698	211
135	18	1470	213
9144	18	1029	183
135	18	1470	217
7018	19	1991	208
9144	18	1031	221
1042	18	377	186
8842	19	9149	225
9144	18	1035	227
1042	18	435	217
9144	18	1035	212
1042	18	568	189
680	18	9133	162
1042	18	715	213
2377	8	2378	169
1042	18	567	229
9144	18	9137	167
135	18	1591	195
9144	18	9139	165
1042	18	377	229
9144	18	1029	219
6400	19	9159	192
1745	19	1936	189
1042	18	876	194
400	18	3078	195
9144	18	687	223
135	18	9131	221
135	18	854	167
2463	8	2464	196
1042	18	409	177
3403	21	9435	213
1042	18	1551	230
9144	18	687	186
9144	18	9136	165
135	18	534	208
1042	18	160	165
1042	18	1050	175
135	18	1591	209
2404	8	2405	213
1042	18	160	176
1042	18	967	214
2286	8	2287	218
135	18	1470	221
9144	18	1029	210
1042	18	645	202
2378	8	2377	171
2385	8	2386	205
8842	19	9149	198
9144	18	708	183
9444	21	9446	216
1866	19	1991	168
2330	8	2331	227
1042	18	489	181
680	18	9130	168
1042	18	377	178
135	18	2004	171
135	18	438	167
2433	8	2432	224
6400	19	9159	198
9144	18	9136	213
9144	18	137	218
9144	18	687	195
2265	8	2266	171
2395	8	2394	220
1042	18	876	190
135	18	9131	189
1042	18	568	178
1042	18	1467	195
2691	19	9149	210
135	18	2004	210
1042	18	644	182
1042	18	570	229
8552	19	9149	206
1042	18	644	218
3244	21	9473	219
135	18	9132	229
1042	18	409	211
1042	18	435	175
1042	18	979	187
1042	18	1467	206
2440	8	2318	185
3343	21	9473	227
9470	21	9455	202
1042	18	570	207
2286	8	2287	187
135	18	1591	207
1042	18	1050	229
2320	8	2321	225
9144	18	1035	191
9162	19	948	216
9470	21	9455	213
2373	8	2374	198
135	18	9130	223
1042	18	979	209
9144	18	137	167
1042	18	297	216
135	18	9135	216
9144	18	9137	162
1858	19	969	215
9144	18	687	197
6195	19	1991	183
2990	19	9159	223
135	18	1470	218
135	18	9131	227
135	18	9132	223
2287	8	2286	206
2286	8	2287	191
7018	19	1991	182
135	18	9130	217
9144	18	1027	192
2470	8	2471	218
135	18	1426	169
9144	18	1041	171
135	18	2004	208
1042	18	1051	170
9144	18	1031	174
2320	8	2321	220
2406	8	2407	227
2990	19	9159	163
2379	8	2380	163
2414	8	2415	213
9144	18	1041	184
9439	21	9434	204
135	18	1591	168
135	18	9134	204
1042	18	1551	206
9144	18	708	187
9144	18	9137	173
9144	18	696	174
2432	8	2433	222
135	18	9135	201
1042	18	1051	169
1042	18	377	224
1042	18	979	227
1042	18	568	205
135	18	2004	205
1042	18	409	192
135	18	602	209
1866	19	1991	182
2278	8	2277	188
9144	18	696	182
1042	18	377	187
9144	18	1029	198
8842	19	9149	196
2287	8	2286	179
9162	19	948	169
2691	19	9149	205
1042	18	1467	203
2286	8	2287	177
1042	18	1551	182
1866	19	1991	189
1042	18	979	189
2406	8	2407	214
9144	18	137	210
1042	18	1467	223
3343	21	9473	229
135	18	9130	188
135	18	1468	230
9144	18	1035	165
2373	8	2374	163
9144	18	1031	195
9144	18	9139	192
1042	18	715	181
135	18	9133	202
2370	8	2369	181
1042	18	435	200
9144	18	1035	177
9144	18	9136	204
1042	18	568	198
2447	8	2448	225
2462	8	2448	204
8552	19	9149	183
9144	18	687	209
2472	8	2374	209
2205	7	2206	227
9144	18	698	194
1042	18	1467	220
135	18	9132	222
9534	21	9465	167
135	18	1591	224
2373	8	2374	164
1866	19	1991	167
1042	18	1050	166
8842	19	9149	203
2394	8	2395	197
135	18	534	189
9144	18	137	176
9144	18	137	219
7018	19	1991	162
9144	18	9136	203
1042	18	1467	190
2395	8	2394	202
8842	19	9149	184
135	18	2004	215
3244	21	9473	229
1042	18	435	163
1042	18	570	228
1042	18	568	195
135	18	438	184
6400	19	9159	216
2406	8	2407	228
9144	18	687	221
1042	18	297	227
2463	8	2464	211
1042	18	435	164
135	18	1591	172
135	18	1470	189
1042	18	567	175
1042	18	297	224
2424	8	2425	200
1042	18	567	165
2473	8	2474	228
1042	18	967	196
2414	8	2415	187
8842	19	9149	186
1042	18	1467	170
9144	18	137	168
2440	8	2318	220
1042	18	1467	193
9144	18	1035	179
9144	18	698	163
9144	18	9140	213
9144	18	9139	187
1042	18	567	191
2369	8	2370	178
2395	21	9462	210
9144	18	696	191
1042	18	979	207
2265	8	2266	224
1042	18	967	223
9144	18	708	218
2205	7	2206	223
135	18	854	170
2278	8	2277	191
9144	18	1041	221
135	18	9132	226
135	18	9131	191
3250	21	9434	207
9144	18	9140	206
2414	8	2415	214
135	18	438	213
2430	8	2428	230
3395	21	9435	215
135	18	9133	208
2409	8	2410	172
135	18	602	194
9144	18	9137	209
1042	18	1050	181
1042	18	1651	231
1042	18	570	188
680	18	9131	172
9144	18	137	226
1042	18	715	185
2348	8	2349	185
135	18	1426	214
2470	8	2471	219
9144	18	704	201
9162	19	948	207
1042	18	1467	189
2320	8	2321	219
9144	18	9137	165
2433	8	2432	208
2286	8	2287	185
1745	19	1936	183
1042	18	567	164
135	18	9130	196
2691	19	9149	193
1042	18	1551	219
9162	19	948	202
135	18	954	211
135	18	9131	196
3352	21	9473	213
1042	18	1441	226
2406	8	2407	213
9144	18	9136	177
2320	8	2321	221
2468	8	2469	217
7018	19	1991	192
9470	21	9455	184
1042	18	297	203
9144	18	1041	172
1042	18	715	228
135	18	9130	203
135	18	534	195
1042	18	645	169
1042	18	1651	211
135	18	2004	176
2318	8	2440	228
1042	18	645	230
2990	19	9159	171
2370	8	2369	171
9144	18	698	172
2990	19	9159	185
2426	8	2403	199
1042	18	967	186
135	18	954	203
680	18	9131	169
2990	19	9159	212
1042	18	967	208
2329	8	2328	220
2395	8	2394	211
6400	19	9159	222
8552	19	9149	196
1042	18	1441	182
2318	8	2440	176
1042	18	1467	171
1042	18	570	198
2294	8	2295	173
2370	8	2369	177
3024	19	9152	162
2320	8	2321	231
9162	19	948	162
1042	18	409	216
1042	18	1050	180
9144	18	1031	182
135	18	1014	225
1042	18	715	196
2463	8	2464	229
9162	19	948	164
2429	8	2428	215
9144	18	1027	173
135	18	438	178
135	18	1426	196
135	18	9133	221
680	18	9134	175
680	18	9134	171
3345	21	9473	230
9162	19	948	199
3243	19	1918	223
135	18	9131	204
9144	18	9137	212
9144	18	696	179
1042	18	435	185
9470	21	9455	188
9144	18	704	175
400	18	3078	175
3346	21	9473	231
2407	8	2406	216
135	18	854	203
135	18	438	181
135	18	1470	172
1042	18	567	193
135	18	2004	221
9144	18	9136	162
135	18	954	228
135	18	1014	220
1042	18	645	218
680	18	9131	177
135	18	2004	182
135	18	1470	188
2386	8	2385	201
1866	19	1991	165
1042	18	568	226
7018	19	1991	204
2424	8	2425	196
1042	18	160	162
2424	8	2425	170
1042	18	967	184
1042	18	160	227
1042	18	1441	188
1042	18	1050	221
1042	18	1651	178
2470	8	2471	222
2432	8	2433	228
9144	18	704	195
135	18	1426	166
2440	8	2318	192
2265	8	2266	216
9144	18	1031	209
2426	8	2403	200
9470	21	9455	212
135	18	1591	223
1042	18	409	166
9162	19	948	203
1745	19	1936	180
9144	18	1031	169
6195	19	1991	187
1042	18	644	176
2448	8	2447	223
1042	18	1051	209
135	18	438	220
9144	18	9137	163
7018	19	1991	180
135	18	9133	195
9144	18	9139	163
1042	18	645	198
135	18	534	214
9162	19	948	229
2341	8	2340	167
8552	19	9149	195
135	18	1426	218
135	18	9135	225
1042	18	377	192
2691	19	9149	220
135	18	9135	190
135	18	9135	195
2286	8	2287	179
135	18	1468	231
1042	18	160	231
9508	21	9434	208
2414	8	2415	227
9144	18	9139	190
9144	18	696	224
9144	18	1027	225
1745	19	1936	187
1042	18	715	192
2433	8	2432	231
9144	18	1035	206
9144	18	696	167
135	18	1014	202
2341	8	2389	172
135	18	1014	211
2447	8	2448	228
9144	18	9140	222
2440	8	2318	203
2309	8	2310	163
2287	8	2286	212
1042	18	377	202
2310	19	1991	184
9144	18	9140	195
9144	18	9136	224
1042	18	297	168
2395	21	9462	204
135	18	1013	214
2320	8	2321	228
3343	21	9473	220
1042	18	644	200
9144	18	696	176
9144	18	1027	214
2414	8	2415	221
9144	18	687	222
2278	8	2277	185
8842	19	9149	217
6400	19	9159	217
1042	18	967	178
9144	18	704	168
9144	18	708	200
9144	18	1031	215
1042	18	1441	177
1042	18	715	179
9470	21	9455	217
1042	18	715	187
2330	8	2331	231
2414	8	2415	190
3250	21	9434	180
9144	18	1031	201
2349	8	2348	185
2286	8	2287	217
2216	7	2206	226
1042	18	377	221
135	18	9135	211
1042	18	979	223
9144	18	1041	229
1866	19	1991	170
135	18	1014	200
2265	8	2266	227
1042	18	377	207
3250	21	9434	192
135	18	9133	225
1042	18	644	180
9144	18	687	184
3352	21	9473	219
2277	8	2278	191
1042	18	1441	172
6195	19	1991	176
2277	8	2278	181
1042	18	1050	197
135	18	1591	226
135	18	534	164
2463	8	2464	223
9522	21	9457	186
135	18	602	230
6400	19	9159	184
680	18	9130	162
9144	18	698	219
2310	19	1991	195
135	18	1470	195
2395	8	2394	190
2318	8	2440	214
7018	19	1991	186
1042	18	1051	218
2432	8	2433	223
135	18	1470	166
2287	8	2286	193
9144	18	1029	230
2990	19	9159	225
9144	18	704	169
2409	8	2410	165
1042	18	715	212
1042	18	570	212
1042	18	1051	176
1042	18	1051	231
1042	18	1651	193
135	18	9131	226
135	18	9132	209
1042	18	645	180
1042	18	160	197
3250	21	9434	185
1042	18	377	188
1042	18	489	163
2320	8	2321	226
3250	21	9434	230
7018	19	1991	193
9144	18	9136	179
2472	8	2374	208
135	18	2004	219
2373	8	2374	187
2463	8	2464	225
9144	18	9137	210
9144	18	696	184
9144	18	708	185
9144	18	1041	224
9144	18	1027	209
1042	18	297	220
9144	18	137	200
9144	18	687	180
1042	18	435	184
1042	18	644	223
9144	18	708	207
9144	18	9137	175
135	18	1014	189
135	18	1468	210
3346	21	9473	224
135	18	854	217
2310	19	1991	188
1042	18	489	170
9144	18	1029	163
9144	18	1035	185
2414	8	2415	224
1042	18	1651	230
9439	21	9434	209
1042	18	645	197
2373	8	2374	186
8842	19	9149	206
1042	18	645	220
1042	18	1441	179
2278	8	2277	193
9144	18	708	172
9144	18	9136	212
135	18	1426	222
1042	18	967	169
1042	18	1050	192
2402	8	2403	206
2448	8	2447	231
1042	18	377	182
1042	18	409	164
3250	21	9434	165
135	18	534	182
2394	8	2395	200
9144	18	686	231
1042	18	644	229
2286	8	2287	175
1042	18	567	223
1042	18	570	227
2990	19	9159	187
9144	18	9137	204
135	18	1426	215
2318	8	2440	186
135	18	9135	194
2424	8	2425	183
9512	21	9457	194
135	18	9134	219
680	18	9135	175
1042	18	1441	211
680	18	9132	168
1042	18	160	168
7018	19	1991	219
1042	18	567	167
9144	18	9137	183
3346	21	9473	220
9162	19	948	182
1042	18	979	195
1042	18	1050	194
1042	18	644	187
135	18	1468	227
135	18	1013	193
2409	8	2410	173
1042	18	876	174
9144	18	687	190
9144	18	9139	164
6400	19	9159	188
2385	8	2386	200
2358	8	2359	224
9144	18	1041	201
1042	18	568	170
2318	8	2440	195
2287	8	2286	217
1042	18	489	204
9144	18	696	211
9144	18	1029	185
1042	18	160	183
1042	18	644	216
1042	18	1651	200
2395	8	2394	194
135	18	438	211
1745	19	1936	194
1042	18	567	214
1042	18	409	183
2405	8	2404	197
2395	8	2394	224
135	18	534	186
135	18	1426	226
1042	18	1441	221
9144	18	1029	197
135	18	2004	199
2370	8	2369	184
135	18	9135	223
1042	18	1441	207
680	18	9135	178
2286	8	2287	220
2447	8	2448	230
1042	18	409	224
2287	8	2286	197
2400	8	2401	184
2320	8	2321	217
135	18	1470	186
9144	18	1035	214
1042	18	715	183
1042	18	568	190
3352	21	9473	204
9144	18	1041	228
135	18	1013	189
1042	18	1441	218
9144	18	698	188
9144	18	698	193
135	18	9132	218
135	18	534	216
2426	8	2403	198
135	18	954	200
2205	7	2206	228
9470	21	9455	190
1042	18	715	175
3343	21	9435	220
9144	18	9139	168
9144	18	696	222
9144	18	696	215
6195	19	1991	173
135	18	438	222
9144	18	1041	225
1042	18	715	219
1042	18	645	174
9470	21	9455	220
1042	18	1467	205
2318	8	2440	205
2424	8	2425	169
135	18	9130	189
9534	21	9465	199
2437	8	2467	209
2990	19	9159	190
2320	8	2321	227
2448	8	2447	213
135	18	1426	224
9144	18	696	173
1042	18	967	220
2990	19	9159	176
9144	18	9137	207
1042	18	160	188
2287	8	2286	186
3352	21	9473	210
9144	18	1041	176
9144	18	9136	166
1042	18	567	227
135	18	602	199
9144	18	9139	199
2440	8	2318	231
400	18	3078	180
9144	18	696	172
1042	18	979	173
1042	18	1051	162
8552	19	9149	199
1042	18	409	171
3250	21	9434	221
2404	8	2405	229
1042	18	435	192
8552	19	9149	171
2432	8	2433	216
135	18	9134	221
2369	8	2370	179
2414	8	2415	229
2340	8	2341	171
1042	18	644	195
9144	18	698	195
1042	18	644	167
135	18	1470	176
1042	18	567	217
9144	18	698	186
2265	8	2266	218
2424	8	2425	189
9162	19	948	173
1042	18	1551	197
2691	19	9149	209
135	18	854	169
1745	19	1936	185
1042	18	567	174
2310	19	1991	182
8842	19	9149	227
135	18	438	192
2447	8	2448	229
1866	19	1991	181
680	18	9135	171
6400	19	9159	187
1042	18	435	205
9144	18	1041	182
2473	8	2474	226
1042	18	1050	219
135	18	1470	163
9144	18	698	217
9144	18	9137	224
9144	18	9139	180
9144	18	708	221
2310	19	1991	172
2395	21	9462	199
1042	18	1551	194
135	18	9135	213
135	18	1591	225
8661	21	9485	227
1042	18	715	210
1042	18	1051	230
8842	19	9149	192
2448	8	2462	196
9144	18	9136	221
8552	19	9149	187
135	18	2004	164
9144	18	1035	193
9460	21	9461	224
1745	19	1936	192
1042	18	967	198
1042	18	160	184
2433	8	2432	210
9144	18	704	202
135	18	534	205
3250	21	9434	163
1042	18	409	222
9144	18	9137	221
1042	18	489	193
2440	8	2318	189
9144	18	708	184
2440	8	2318	221
1042	18	568	221
1042	18	967	230
135	18	9130	211
135	18	9131	224
1042	18	570	210
2463	8	2464	216
2414	8	2415	197
9144	18	9139	207
2463	8	2464	174
1042	18	967	215
9144	18	1031	162
135	18	534	228
9144	18	9136	230
3409	21	9434	171
135	18	1470	203
2318	8	2440	204
1042	18	1050	169
1042	18	1651	229
1042	18	645	173
1042	18	567	196
135	18	1468	190
2448	8	2447	222
9144	18	1035	204
1042	18	1050	228
9144	18	696	223
135	18	534	215
135	18	9132	198
1042	18	644	205
2277	8	2278	188
680	18	9130	176
2448	8	2462	200
2990	19	9159	217
2286	8	2287	214
9144	18	1031	199
135	18	438	168
2278	8	2277	194
2265	8	2266	219
680	18	9133	171
2407	8	2406	210
1042	18	435	199
1042	18	409	172
680	18	9133	163
135	18	438	164
135	18	9132	191
1042	18	1050	186
9144	18	708	210
1042	18	1467	196
9144	18	708	189
1042	18	297	211
1042	18	409	186
135	18	9132	184
2472	8	2374	207
2414	8	2415	204
1042	18	297	162
1042	18	876	183
1042	18	1051	192
9144	18	704	184
9144	18	1029	216
1042	18	570	218
9162	19	948	189
3352	21	9473	206
1858	19	969	231
135	18	438	208
2990	19	9159	224
9144	18	704	208
1042	18	489	225
9144	18	9140	216
135	18	438	169
2385	8	2386	203
8552	19	9149	191
135	18	1591	201
2463	8	2464	227
1042	18	979	201
1042	18	435	222
2373	8	2374	188
135	18	602	229
9144	18	9139	220
680	18	9134	166
9144	18	708	212
1042	18	1051	188
1042	18	876	204
9144	18	708	179
400	18	3078	171
1042	18	377	193
135	18	854	223
135	18	438	197
2428	8	2429	218
135	18	2004	214
135	18	9135	228
2404	8	2405	208
9144	18	9137	195
2447	8	2448	214
1042	18	979	168
135	18	9133	226
135	18	1468	191
400	18	3078	190
2214	7	2215	230
135	18	9134	211
9506	21	9457	209
2404	8	2405	228
2340	8	2341	169
9144	18	687	193
1042	18	1051	191
135	18	1468	193
135	18	1013	220
2414	8	2415	220
1042	18	297	194
135	18	1014	230
1042	18	876	196
135	18	9130	186
135	18	9133	194
2394	8	2395	212
9144	18	704	211
1042	18	377	199
2385	8	2386	204
3409	21	9434	176
2394	8	2395	223
3024	19	1992	224
1042	18	570	174
2406	8	2407	224
135	18	534	209
9144	18	696	227
2407	8	2406	226
9144	18	9136	199
2424	8	2425	202
9144	18	9136	194
6195	19	1991	192
135	18	9134	215
8842	19	9149	209
9144	18	9140	169
1042	18	645	188
9144	18	704	186
3358	21	9473	228
1042	18	1050	200
2447	8	2448	218
2404	8	2405	206
135	18	1468	209
3024	19	9153	174
2472	8	2374	213
2472	8	2374	211
9144	18	137	223
135	18	602	225
135	18	9134	222
135	18	9132	224
2395	8	2394	189
1042	18	967	187
9162	19	948	183
135	18	2004	220
135	18	534	184
3024	19	9152	164
9534	21	9465	200
7018	19	1991	170
135	18	1470	211
9144	18	9139	222
1042	18	435	166
1042	18	1051	216
9144	18	1029	215
135	18	9130	213
1042	18	876	171
3388	21	9473	225
135	18	854	194
9144	18	708	173
9144	18	708	211
135	18	9134	187
1042	18	967	194
135	18	1013	231
2373	8	2374	182
135	18	1468	188
9144	18	696	201
3250	21	9434	193
135	18	854	192
400	18	3078	177
1042	18	644	192
1042	18	568	202
9144	18	1029	173
7018	19	1991	207
2349	8	2348	184
2463	8	2464	170
1858	19	969	207
1042	18	570	205
2395	21	9462	224
135	18	1013	188
1042	18	645	224
1042	18	1651	188
9144	18	1027	166
135	18	602	196
2320	8	2321	218
400	18	3078	182
135	18	1470	229
9144	18	9139	226
1042	18	1551	173
2463	8	2464	222
1042	18	1051	183
1042	18	645	181
135	18	9134	223
2377	8	2378	170
2424	8	2425	191
2286	8	2287	197
2330	8	2331	215
1042	18	715	170
135	18	854	163
1042	18	1651	182
1042	18	297	167
135	18	534	223
1042	18	1467	207
9470	21	9455	162
1042	18	1467	188
135	18	1591	188
3343	21	9473	221
135	18	9131	203
1042	18	1651	220
2286	8	2287	182
2440	8	2318	204
1042	18	967	213
2463	8	2464	183
8552	19	9149	164
1042	18	1551	170
9144	18	1041	216
135	18	534	220
2990	19	9159	206
135	18	9131	193
8552	19	9149	198
1042	18	409	210
135	18	1013	204
1042	18	160	202
9144	18	9140	208
2310	19	1991	190
1042	18	489	177
1042	18	979	180
9144	18	1031	166
9144	18	708	205
9144	18	1035	176
135	18	9135	207
1042	18	1551	163
1745	19	1936	176
2386	8	2385	200
135	18	602	228
2265	8	2266	228
1042	18	409	176
7018	19	1991	218
1042	18	979	198
135	18	854	202
2310	19	1991	165
3250	21	9434	224
2990	19	9159	209
135	18	1426	175
2394	8	2395	208
2440	8	2318	214
680	18	9132	176
9470	21	9455	165
1042	18	1651	214
8842	19	9149	222
1042	18	435	171
9162	19	948	231
2410	8	2409	165
1042	18	1050	173
7018	19	1991	197
1042	18	644	206
1042	18	567	204
6195	19	1991	166
1042	18	979	212
9144	18	1035	208
9144	18	137	165
1042	18	1467	180
2462	8	2448	198
9144	18	1031	214
9144	18	9137	223
1042	18	1651	195
135	18	954	213
2330	8	2331	223
2395	8	2394	218
9144	18	687	185
2424	8	2425	166
135	18	9134	217
7018	19	1991	173
9162	19	948	212
135	18	954	194
2286	8	2287	190
9144	18	1035	182
2395	21	9462	211
135	18	9133	184
1042	18	435	183
135	18	1470	164
2369	8	2370	180
9144	18	137	191
9144	18	1041	230
2373	8	2374	185
135	18	1013	229
2310	19	1991	181
135	18	1426	210
2277	8	2278	189
135	18	534	177
9506	21	9442	212
9162	19	948	177
3069	19	9152	194
135	18	1591	174
9144	18	1029	205
2287	8	2286	210
680	18	9135	173
2318	8	2440	185
2265	8	2266	172
9144	18	696	219
1042	18	715	222
2358	8	2359	214
9144	18	137	229
1042	18	1467	219
9144	18	9139	181
1042	18	377	201
2395	8	2394	198
9432	21	9465	217
1042	18	409	184
1042	18	570	215
1042	18	645	191
9144	18	137	224
2426	8	2403	195
9144	18	137	230
1042	18	489	208
9144	18	9139	166
135	18	1014	186
1042	18	568	192
135	18	1470	178
9534	21	9465	183
135	18	9130	207
9144	18	696	193
1042	18	377	172
3346	21	9473	215
135	18	9131	200
9144	18	1035	218
2395	21	9462	192
2395	21	9462	215
9144	18	698	197
135	18	534	171
2278	8	2277	189
9470	21	9455	193
1042	18	567	210
2432	8	2433	211
2395	8	2394	212
1042	18	715	218
135	18	1426	183
135	18	9135	189
9144	18	708	217
135	18	1591	200
1042	18	644	197
1042	18	644	196
1042	18	715	204
9470	21	9455	221
135	18	854	177
1042	18	435	191
135	18	534	192
1042	18	876	197
9144	18	1027	203
9144	18	9136	222
1042	18	1551	193
1042	18	645	209
2404	8	2405	216
135	18	1014	217
3250	21	9434	166
8552	19	9149	189
2448	8	2447	211
1042	18	1441	176
3250	21	9434	222
3243	19	1918	217
3250	21	9434	198
1042	18	570	193
135	18	1591	203
1858	19	969	203
1042	18	979	163
2395	8	2394	221
2377	8	2378	171
2407	8	2406	219
135	18	1426	188
1042	18	1441	204
9144	18	9140	212
1042	18	979	184
400	18	3078	173
1042	18	377	189
9144	18	708	180
135	18	1014	208
680	18	9134	169
9144	18	9137	213
1042	18	568	179
9144	18	1029	169
9144	18	687	229
1745	19	1936	197
135	18	2004	213
2430	8	2428	231
1042	18	1651	167
1042	18	1651	197
1745	19	1936	210
135	18	534	212
9144	18	1027	185
9144	18	1035	189
9144	18	1031	175
400	18	3078	199
9144	18	9140	181
1042	18	297	166
1042	18	1051	219
135	18	9132	192
135	18	1014	212
2440	8	2318	198
135	18	438	228
6195	19	1991	195
9470	21	9455	198
1042	18	1050	214
135	18	602	206
1042	18	568	213
2440	8	2318	200
1042	18	1551	214
1042	18	876	200
135	18	1013	184
1042	18	1050	218
3024	19	1992	213
9144	18	137	225
1042	18	1467	201
9144	18	136	231
9144	18	9136	229
9144	18	1029	194
135	18	438	215
2440	8	2318	224
9144	18	1027	206
9144	18	1027	171
1042	18	1467	226
135	18	1470	223
1042	18	645	186
2691	19	9149	179
2432	8	2433	209
9144	18	1027	224
3250	21	9434	218
1042	18	409	219
135	18	9134	205
9144	18	137	227
2432	8	2433	217
2295	8	2294	170
2405	8	2404	228
3346	21	9473	217
1042	18	979	174
2402	8	2403	211
9144	18	1029	176
2373	8	2374	194
2448	8	2447	219
2330	8	2331	229
3024	19	9153	175
1042	18	1467	177
9144	18	1031	172
135	18	9134	202
1866	19	1991	164
9144	18	9140	165
2470	8	2471	227
3358	21	9473	230
1042	18	1050	162
9144	18	1027	207
3343	21	9473	230
2405	8	2404	226
135	18	9133	181
2395	8	2394	210
1042	18	876	172
9144	18	1041	223
680	18	9132	177
9144	18	698	189
1042	18	1467	222
2405	8	2404	217
1042	18	160	213
1042	18	1050	177
1042	18	567	220
135	18	9135	224
2378	8	2377	172
9144	18	1029	217
1042	18	876	163
2463	8	2464	186
9144	18	9137	225
2691	19	9149	191
9144	18	137	196
3250	21	9434	173
2433	8	2432	213
135	18	1426	162
3358	21	9473	222
9144	18	704	180
135	18	1591	215
135	18	602	207
2463	8	2464	178
135	18	1013	196
2286	8	2287	212
9144	18	9140	219
2369	8	2370	184
2395	21	9462	208
1042	18	1051	214
9144	18	698	215
9144	18	9137	205
2395	21	9511	191
2341	8	2340	166
135	18	438	175
9144	18	687	188
9144	18	1027	164
135	18	2004	223
1042	18	1551	211
9144	18	1041	210
7018	19	1991	184
135	18	9133	218
2414	8	2415	226
135	18	1426	195
3338	21	9473	230
1042	18	567	231
1042	18	567	222
135	18	9130	190
9144	18	1027	180
2377	8	2378	172
9470	21	9455	200
135	18	954	201
1042	18	297	231
135	18	438	204
1042	18	1651	212
1042	18	967	197
9144	18	704	177
2410	8	2409	171
135	18	954	214
1042	18	570	186
2287	8	2286	185
1042	18	297	205
135	18	1591	178
1866	19	1991	176
1042	18	1651	226
135	18	9132	208
9162	19	948	170
2328	8	2329	221
3352	21	9473	205
2287	8	2286	220
9470	21	9455	207
1042	18	1051	215
1042	18	1651	215
135	18	9134	226
9144	18	1041	189
680	18	9135	167
1042	18	979	177
1042	18	570	165
680	18	9132	162
1866	19	1991	166
1042	18	297	193
9144	18	9139	173
1042	18	489	174
1042	18	489	196
2378	8	2377	166
2370	8	2369	175
2395	21	9462	221
9144	18	704	179
2472	8	2374	206
1042	18	567	181
9460	21	9434	225
2395	21	9462	190
2400	8	2401	182
135	18	1013	199
2318	8	2440	208
9144	18	9137	192
9144	18	1031	217
1042	18	409	191
1042	18	645	192
2448	8	2447	229
9534	21	9465	206
2432	8	2433	221
135	18	9133	199
3352	21	9473	209
9144	18	704	218
135	18	1013	208
9470	21	9455	164
9144	18	9136	197
9534	21	9465	171
9162	19	948	222
2395	8	2394	223
2691	19	9149	170
2330	8	2331	218
2395	21	9462	198
9144	18	698	213
9144	18	698	223
1042	18	1467	225
1042	18	1441	215
8842	19	9149	195
2440	8	2318	208
8552	19	9149	173
9144	18	704	171
1042	18	409	193
400	18	3078	167
2406	8	2407	221
2358	8	2359	221
9144	18	1029	187
2433	8	2432	207
1042	18	645	201
1042	18	1551	180
1042	18	1050	220
9144	18	687	176
135	18	602	212
135	18	9134	213
135	18	9131	209
135	18	1470	201
135	18	954	221
8842	19	9149	199
135	18	9132	200
2310	19	1991	193
2373	8	2374	172
135	18	2004	196
3352	21	9473	212
1042	18	377	203
1042	18	409	162
9144	18	9139	227
135	18	1591	221
2691	19	9149	192
135	18	9132	219
2428	8	2430	229
1042	18	1651	198
135	18	954	212
1042	18	160	212
9144	18	9140	167
2406	8	2408	190
1042	18	160	187
135	18	1470	192
135	18	9131	214
2990	19	9159	174
9144	18	708	199
1042	18	967	177
2287	8	2286	209
1042	18	297	219
2377	8	2378	168
9144	18	698	209
9144	18	1029	220
2448	8	2447	224
1866	19	1991	173
1042	18	377	166
2424	8	2425	205
1858	19	969	222
7018	19	1991	177
1042	18	1050	182
9144	18	1027	165
9144	18	698	230
135	18	1468	216
680	18	9131	171
135	18	602	201
135	18	1013	224
1042	18	1441	203
1042	18	715	182
1042	18	568	173
135	18	1426	217
1042	18	1051	168
1042	18	715	177
2358	8	2359	212
135	18	9134	220
1745	19	1936	175
2990	19	9159	167
3024	19	1992	204
135	18	438	183
9144	18	1029	178
1042	18	876	227
9144	18	1029	196
1042	18	297	172
1042	18	1051	210
3409	21	9434	167
2286	8	2287	210
2394	8	2395	209
9144	18	1035	184
9144	18	1027	218
1042	18	967	170
1042	18	435	201
9144	18	137	189
1042	18	1551	168
2424	8	2425	175
1042	18	1441	180
9144	18	9140	198
9144	18	1029	180
1042	18	567	198
9144	18	696	208
9144	18	137	222
1042	18	409	203
9534	21	9465	207
9470	21	9455	218
1042	18	568	187
680	18	9133	176
1042	18	979	215
1042	18	876	226
1042	18	715	178
2287	8	2286	203
680	18	9131	162
1042	18	568	163
135	18	534	219
9144	18	1041	199
1042	18	568	185
1042	18	567	211
9144	18	9140	168
9144	18	1041	181
2448	8	2462	203
135	18	9130	199
2432	8	2433	231
2424	8	2425	163
9144	18	9140	209
2410	8	2409	166
2286	8	2287	195
135	18	1014	215
9470	21	9455	174
135	18	1426	216
2691	19	9149	197
1042	18	568	216
2440	8	2318	211
135	18	1426	219
1042	18	876	195
1042	18	1051	228
1042	18	1651	170
1042	18	1467	198
135	18	1468	218
1042	18	297	228
9162	19	948	214
3024	19	1992	189
1042	18	489	189
135	18	1591	184
2990	19	9159	182
9144	18	704	198
2369	8	2370	182
135	18	9135	215
1042	18	377	198
2277	8	2278	187
135	18	2004	187
2468	8	2469	218
135	18	534	163
9459	21	9451	192
2428	8	2430	228
135	18	9130	202
1042	18	979	170
1042	18	1467	194
135	18	9130	204
135	18	534	194
135	18	9134	224
2286	8	2287	194
2380	8	2379	168
1042	18	967	165
1042	18	409	185
1042	18	297	187
9144	18	1035	201
1042	18	715	167
2286	8	2287	186
1042	18	489	203
1042	18	1051	206
1042	18	1050	184
2318	8	2440	180
2318	8	2440	194
9460	21	9434	226
1042	18	1467	228
8552	19	9149	208
1042	18	435	209
135	18	1470	208
9144	18	1027	228
135	18	438	212
1042	18	876	199
2990	19	9159	178
9470	21	9455	229
2691	19	9149	202
1042	18	876	206
9144	18	9139	201
3250	21	9434	170
2265	8	2266	225
2265	8	2266	174
9144	18	696	202
2463	8	2464	218
2358	8	2359	207
2400	8	2401	187
1042	18	1051	208
135	18	9131	208
2414	8	2415	210
3250	21	9434	176
9144	18	698	206
6195	19	1991	198
1042	18	409	194
9144	18	687	164
9144	18	9137	220
2328	8	2329	222
1042	18	377	194
9531	21	9442	182
1042	18	377	213
1858	19	969	230
1042	18	297	185
1042	18	1050	227
3024	19	9153	173
