9144	18	137	162
9144	18	696	162
680	18	9132	162
9144	18	698	162
9144	18	1029	162
1042	18	435	162
9534	21	9465	162
1042	18	160	162
680	18	9135	162
3409	21	9434	162
680	18	9131	162
2309	8	2310	162
0	0	1	162
2456	8	2457	162
680	18	9134	162
1042	18	567	162
1042	18	571	162
8552	19	9149	162
9470	21	9455	162
135	18	1426	162
1042	18	876	162
9144	18	1027	162
2990	19	9159	162
69	0	70	162
3250	21	9434	162
135	18	1591	162
1042	18	1051	162
135	18	1081	162
2310	19	1991	162
135	18	438	162
1042	18	568	162
2424	8	2425	162
9144	18	1031	162
9164	19	358	162
9144	18	704	162
1042	18	645	162
104	0	106	162
1042	18	297	162
2449	8	2366	162
135	18	534	162
1042	18	967	162
9144	18	687	162
1042	18	489	162
9144	18	9140	162
7018	19	1991	162
1042	18	1551	162
1042	18	1050	162
2691	19	9149	162
1866	19	1991	162
9144	18	9137	162
9144	18	9138	162
6195	19	1991	162
1042	18	1441	162
135	18	854	162
9144	18	1035	162
680	18	9133	162
680	18	9130	162
2925	19	1926	162
1042	18	715	162
1042	18	979	162
1042	18	377	162
135	18	1470	162
135	18	2004	162
1042	18	1467	162
1042	18	570	162
4764	21	9462	162
9144	18	1041	162
3024	19	9152	162
9141	18	1076	162
9144	18	704	163
1042	18	1441	163
1042	18	1051	163
1042	18	571	163
680	18	9135	163
9534	21	9465	163
1042	18	160	163
680	18	9134	163
3024	19	9152	163
9144	18	1035	163
135	18	1081	163
1042	18	876	163
135	18	1470	163
680	18	9131	163
0	0	1	163
2990	19	9159	163
9144	18	137	163
135	18	2004	163
8552	19	9149	163
1042	18	645	163
1866	19	1991	163
2691	19	9149	163
1042	18	567	163
7018	19	1991	163
9144	18	698	163
135	18	438	163
1042	18	1050	163
400	18	481	163
69	0	70	163
1042	18	570	163
680	18	9133	163
9144	18	696	163
2309	8	2310	163
9164	19	358	163
1042	18	297	163
9144	18	1029	163
1042	18	967	163
135	18	1591	163
680	18	9132	163
1042	18	715	163
135	18	1426	163
9144	18	9138	163
2424	8	2425	163
9144	18	9137	163
1042	18	435	163
2925	19	1926	163
135	18	854	163
3409	21	9434	163
1042	18	979	163
3250	21	9434	163
1042	18	1551	163
9144	18	1041	163
1042	18	568	163
9470	21	9455	163
9144	18	1031	163
9144	18	687	163
680	18	9130	163
1042	18	489	163
135	18	534	163
4764	21	9462	163
9141	18	1076	163
2310	19	1991	163
9144	18	9140	163
1042	18	1467	163
400	18	446	163
1042	18	377	163
2456	8	2457	163
6195	19	1991	163
9144	18	1027	163
104	0	106	163
2449	8	2366	163
680	18	9130	164
2365	8	2366	164
9144	18	137	164
9144	18	1027	164
1042	18	645	164
9164	19	358	164
680	18	9132	164
9144	18	9140	164
9470	21	9455	164
135	18	2004	164
9144	18	1035	164
1042	18	1050	164
9144	18	1029	164
1042	18	1467	164
1042	18	160	164
2378	8	2377	164
680	18	9134	164
1042	18	1051	164
1042	18	979	164
1042	18	297	164
9144	18	687	164
680	18	9131	164
1866	19	1991	164
135	18	534	164
7018	19	1991	164
8552	19	9149	164
9144	18	696	164
400	18	446	164
1042	18	489	164
135	18	438	164
135	18	1426	164
9144	18	704	164
9144	18	9137	164
2377	8	2378	164
135	18	1591	164
1042	18	967	164
2309	8	2310	164
9141	18	1076	164
135	18	1470	164
2990	19	9159	164
1042	18	568	164
1042	18	1551	164
3250	21	9434	164
2424	8	2425	164
9144	18	1041	164
2691	19	9149	164
0	0	1	164
135	18	1081	164
1042	18	435	164
2310	19	1991	164
9144	18	1031	164
9534	21	9465	164
9144	18	698	164
2925	19	1926	164
1042	18	570	164
1042	18	876	164
104	0	106	164
9144	18	9138	164
69	0	70	164
3409	21	9434	164
400	18	481	164
4764	21	9462	164
3024	19	9152	164
6195	19	1991	164
2456	8	2457	164
680	18	9133	164
1042	18	1441	164
1042	18	377	164
1042	18	567	164
1042	18	715	164
135	18	854	164
680	18	9135	164
1042	18	571	164
9144	18	137	165
9144	18	9140	165
1866	19	1991	165
3409	21	9434	165
9144	18	1041	165
9144	18	1029	165
9144	18	704	165
2310	19	1991	165
400	18	446	165
1042	18	967	165
1042	18	876	165
2691	19	9149	165
9470	21	9455	165
1042	18	377	165
1042	18	979	165
680	18	9132	165
135	18	1470	165
9144	18	696	165
680	18	9131	165
6195	19	1991	165
1042	18	1441	165
9144	18	1027	165
9144	18	9137	165
1042	18	568	165
9534	21	9465	165
135	18	1426	165
135	18	1081	165
9164	19	358	165
135	18	1591	165
1042	18	489	165
680	18	9133	165
680	18	9135	165
1042	18	645	165
2925	19	1926	165
1042	18	297	165
1042	18	160	165
135	18	438	165
135	18	2004	165
1042	18	1551	165
7018	19	1991	165
2398	8	2399	165
135	18	854	165
104	0	106	165
1042	18	571	165
4764	21	9462	165
9144	18	687	165
1042	18	1051	165
2365	8	2366	165
9141	18	1076	165
9144	18	1031	165
680	18	9134	165
680	18	9130	165
1042	18	567	165
2456	8	2457	165
0	0	1	165
9144	18	1035	165
2377	8	2378	165
135	18	534	165
1042	18	1467	165
9144	18	9138	165
2424	8	2425	165
1042	18	435	165
1042	18	715	165
2378	8	2377	165
8552	19	9149	165
2990	19	9159	165
69	0	70	165
1042	18	1050	165
9144	18	698	165
400	18	481	165
1042	18	570	165
3250	21	9434	165
400	18	481	166
135	18	2004	166
2398	8	2399	166
135	18	1591	166
400	18	446	166
135	18	1081	166
9144	18	9137	166
680	18	9132	166
1042	18	979	166
135	18	438	166
4764	21	9462	166
1866	19	1991	166
3409	21	9434	166
9144	18	687	166
1042	18	1551	166
9144	18	9140	166
9164	19	358	166
9470	21	9455	166
9144	18	137	166
1042	18	967	166
9144	18	1041	166
1042	18	160	166
2377	8	2378	166
135	18	1426	166
1042	18	297	166
135	18	854	166
1042	18	876	166
400	18	3078	166
1042	18	571	166
6195	19	1991	166
2691	19	9149	166
680	18	9134	166
680	18	9135	166
8552	19	9149	166
2990	19	9159	166
1042	18	1050	166
1042	18	567	166
9144	18	1029	166
135	18	534	166
9534	21	9465	166
0	0	1	166
680	18	9133	166
1042	18	435	166
9144	18	9138	166
1042	18	1441	166
1042	18	570	166
2310	19	1991	166
1042	18	568	166
2365	8	2366	166
7018	19	1991	166
9144	18	1035	166
9144	18	1027	166
2925	19	1926	166
2456	8	2457	166
2424	8	2425	166
1042	18	1467	166
680	18	9130	166
9144	18	696	166
1042	18	377	166
680	18	9131	166
2378	8	2377	166
9144	18	1031	166
1042	18	489	166
1042	18	1051	166
9141	18	1076	166
69	0	70	166
9144	18	704	166
1042	18	715	166
9144	18	698	166
135	18	1470	166
104	0	106	166
1042	18	645	166
3250	21	9434	166
1042	18	568	167
680	18	9130	167
9144	18	1029	167
9144	18	9138	167
7018	19	1991	167
680	18	9134	167
135	18	438	167
1042	18	876	167
1042	18	1051	167
1042	18	489	167
8552	19	9149	167
1042	18	377	167
135	18	1081	167
9144	18	1031	167
2990	19	9159	167
9534	21	9465	167
9144	18	1041	167
1042	18	570	167
1042	18	160	167
9144	18	1035	167
104	0	106	167
69	0	70	167
1866	19	1991	167
9144	18	9137	167
135	18	2004	167
2365	8	2366	167
2424	8	2425	167
1042	18	1050	167
2691	19	9149	167
1042	18	967	167
1042	18	297	167
680	18	9135	167
9144	18	137	167
2378	8	2377	167
2925	19	1926	167
9164	19	358	167
1042	18	571	167
135	18	1426	167
9144	18	696	167
3250	21	9434	167
1042	18	1467	167
9144	18	687	167
9144	18	698	167
135	18	1470	167
3409	21	9434	167
9470	21	9455	167
9144	18	704	167
680	18	9133	167
400	18	3078	167
1042	18	645	167
4764	21	9462	167
1042	18	715	167
9144	18	9140	167
400	18	481	167
9141	18	1076	167
6195	19	1991	167
135	18	534	167
400	18	446	167
1042	18	1551	167
1042	18	567	167
680	18	9131	167
2310	19	1991	167
1042	18	979	167
135	18	1591	167
2456	8	2457	167
680	18	9132	167
0	0	1	167
2377	8	2378	167
1042	18	435	167
135	18	854	167
1042	18	1441	167
9144	18	1027	167
1866	19	1991	168
135	18	1470	168
1042	18	435	168
1042	18	1441	168
680	18	9134	168
9144	18	137	168
680	18	9130	168
7018	19	1991	168
2424	8	2425	168
1042	18	568	168
9144	18	9137	168
1042	18	979	168
9144	18	687	168
1042	18	1051	168
6195	19	1991	168
135	18	854	168
9144	18	698	168
135	18	1081	168
1042	18	489	168
135	18	534	168
2456	8	2457	168
1042	18	645	168
2294	8	2295	168
400	18	481	168
1042	18	570	168
9141	18	1076	168
2463	8	2464	168
680	18	9135	168
1042	18	567	168
400	18	446	168
1042	18	571	168
2377	8	2378	168
104	0	106	168
9144	18	1031	168
2365	8	2366	168
9144	18	9140	168
69	0	70	168
680	18	9132	168
1042	18	1551	168
2310	19	1991	168
8552	19	9149	168
680	18	9131	168
1042	18	715	168
2378	8	2377	168
1042	18	377	168
1042	18	160	168
3409	21	9434	168
1042	18	1050	168
135	18	438	168
9144	18	1041	168
400	18	3078	168
9164	19	358	168
1042	18	876	168
0	0	1	168
4764	21	9462	168
1042	18	967	168
3250	21	9434	168
9534	21	9465	168
2691	19	9149	168
9470	21	9455	168
2295	8	2294	168
2925	19	1926	168
135	18	1591	168
680	18	9133	168
135	18	1426	168
2990	19	9159	168
9144	18	696	168
9144	18	1029	168
1042	18	297	168
9144	18	9138	168
9144	18	1035	168
1042	18	1467	168
9144	18	1027	168
135	18	2004	168
9144	18	704	168
1042	18	979	169
9144	18	1041	169
2925	19	1926	169
1042	18	297	169
135	18	854	169
9144	18	9140	169
1042	18	571	169
1042	18	570	169
9144	18	704	169
1042	18	568	169
680	18	9132	169
680	18	9130	169
135	18	2004	169
9470	21	9455	169
1042	18	567	169
135	18	1426	169
135	18	1470	169
9141	18	1076	169
135	18	534	169
9144	18	1027	169
3409	21	9434	169
3250	21	9434	169
400	18	3078	169
9144	18	1031	169
2294	8	2295	169
400	18	481	169
104	0	106	169
9144	18	687	169
1042	18	489	169
1042	18	1051	169
9144	18	1029	169
9144	18	9138	169
1042	18	1467	169
1042	18	435	169
1042	18	160	169
1042	18	1441	169
9534	21	9465	169
9144	18	9137	169
400	18	446	169
2378	8	2377	169
2365	8	2366	169
1042	18	645	169
680	18	9135	169
1042	18	876	169
135	18	1591	169
1042	18	1551	169
4764	21	9462	169
0	0	1	169
9144	18	696	169
7018	19	1991	169
2456	8	2457	169
135	18	438	169
69	0	70	169
1042	18	715	169
2990	19	9159	169
2424	8	2425	169
9144	18	1035	169
680	18	9131	169
2463	8	2464	169
6195	19	1991	169
1866	19	1991	169
680	18	9134	169
9164	19	358	169
135	18	1081	169
680	18	9133	169
9144	18	698	169
2310	19	1991	169
1042	18	1050	169
2691	19	9149	169
2377	8	2378	169
1042	18	967	169
1042	18	377	169
8552	19	9149	169
2295	8	2294	169
9144	18	137	169
2295	8	2294	170
9144	18	9137	170
680	18	9131	170
9144	18	137	170
9144	18	704	170
2456	8	2457	170
4392	21	9468	170
135	18	1591	170
1042	18	645	170
1042	18	567	170
135	18	1426	170
8552	19	9149	170
9141	18	1076	170
69	0	70	170
2377	8	2378	170
0	0	1	170
1042	18	967	170
9144	18	9140	170
9144	18	1041	170
9144	18	1035	170
1042	18	160	170
2990	19	9159	170
7018	19	1991	170
9470	21	9455	170
1042	18	1467	170
680	18	9135	170
9144	18	1029	170
1042	18	570	170
6195	19	1991	170
4764	21	9462	170
135	18	2004	170
2378	8	2377	170
400	18	481	170
680	18	9132	170
1042	18	715	170
680	18	9133	170
680	18	9134	170
2365	8	2366	170
3409	21	9434	170
135	18	534	170
9534	21	9465	170
9144	18	1031	170
1042	18	1051	170
680	18	9130	170
1042	18	876	170
2463	8	2464	170
135	18	1081	170
2925	19	1926	170
1042	18	489	170
1042	18	1050	170
1042	18	377	170
104	0	106	170
2294	8	2295	170
1042	18	571	170
1866	19	1991	170
9144	18	698	170
135	18	854	170
400	18	3078	170
1042	18	979	170
135	18	438	170
400	18	446	170
2424	8	2425	170
2691	19	9149	170
9144	18	687	170
9144	18	1027	170
1042	18	568	170
1042	18	435	170
3250	21	9434	170
135	18	1470	170
1042	18	1441	170
9144	18	696	170
9144	18	9138	170
9164	19	358	170
2310	19	1991	170
1042	18	297	170
1042	18	1551	170
1042	18	1441	171
135	18	1591	171
135	18	438	171
9144	18	1035	171
135	18	1470	171
2463	8	2464	171
1866	19	1991	171
9470	21	9455	171
0	0	1	171
3409	21	9434	171
9144	18	9138	171
1042	18	435	171
1042	18	1050	171
2925	19	1926	171
135	18	854	171
7018	19	1991	171
1042	18	160	171
135	18	2004	171
1042	18	570	171
9144	18	698	171
9144	18	687	171
680	18	9134	171
680	18	9130	171
1042	18	715	171
400	18	3078	171
8552	19	9149	171
2424	8	2425	171
2378	8	2377	171
2691	19	9149	171
9144	18	1041	171
400	18	446	171
1042	18	571	171
9534	21	9465	171
1042	18	1467	171
2310	19	1991	171
9144	18	1029	171
9144	18	9137	171
9144	18	137	171
1042	18	967	171
9144	18	704	171
1042	18	297	171
1042	18	377	171
9144	18	1027	171
1042	18	645	171
69	0	70	171
6195	19	1991	171
1042	18	1551	171
680	18	9131	171
135	18	1081	171
9144	18	696	171
9141	18	1076	171
680	18	9135	171
680	18	9132	171
9164	19	358	171
2294	8	2295	171
2377	8	2378	171
1042	18	567	171
9144	18	9140	171
1042	18	489	171
1042	18	1051	171
3250	21	9434	171
1042	18	876	171
135	18	534	171
9144	18	1031	171
400	18	481	171
1042	18	979	171
4764	21	9462	171
104	0	106	171
135	18	1426	171
2365	8	2366	171
2456	8	2457	171
1042	18	568	171
2295	8	2294	171
2990	19	9159	171
680	18	9133	171
9144	18	137	172
4764	21	9462	172
135	18	438	172
2463	8	2464	172
135	18	1081	172
7018	19	1991	172
9141	18	1076	172
2378	8	2377	172
9144	18	9140	172
2295	8	2294	172
9144	18	1027	172
135	18	534	172
1042	18	435	172
680	18	9135	172
680	18	9133	172
69	0	70	172
1042	18	715	172
1042	18	1551	172
3250	21	9434	172
400	18	3078	172
1042	18	967	172
1042	18	489	172
104	0	106	172
1042	18	160	172
1042	18	876	172
9144	18	1041	172
2377	8	2378	172
1042	18	297	172
400	18	481	172
1042	18	568	172
9144	18	9137	172
2925	19	1926	172
135	18	854	172
3409	21	9434	172
135	18	1591	172
9144	18	1035	172
1042	18	571	172
9534	21	9465	172
6195	19	1991	172
2990	19	9159	172
0	0	1	172
680	18	9130	172
1042	18	567	172
1042	18	645	172
1042	18	1050	172
9144	18	696	172
2294	8	2295	172
1042	18	1051	172
135	18	1426	172
400	18	446	172
9164	19	358	172
680	18	9132	172
1042	18	1441	172
1042	18	1467	172
9144	18	687	172
135	18	2004	172
1866	19	1991	172
9144	18	698	172
135	18	1470	172
680	18	9131	172
1042	18	377	172
1042	18	570	172
1042	18	979	172
9144	18	1031	172
8552	19	9149	172
9144	18	9138	172
2310	19	1991	172
2691	19	9149	172
2424	8	2425	172
9144	18	1029	172
9144	18	704	172
9470	21	9455	172
680	18	9134	172
9144	18	137	173
1042	18	967	173
1042	18	297	173
9144	18	687	173
9144	18	9137	173
1042	18	435	173
2294	8	2295	173
9144	18	704	173
3409	21	9434	173
9144	18	696	173
1042	18	979	173
680	18	9134	173
1042	18	1467	173
6195	19	1991	173
2925	19	1926	173
1042	18	571	173
9534	21	9465	173
2310	19	1991	173
1042	18	1551	173
2424	8	2425	173
2378	8	2377	173
400	18	481	173
135	18	1426	173
135	18	534	173
9144	18	1027	173
1042	18	570	173
1042	18	715	173
7018	19	1991	173
680	18	9130	173
69	0	70	173
4764	21	9462	173
400	18	3078	173
135	18	438	173
1042	18	568	173
135	18	2004	173
1042	18	1441	173
9470	21	9455	173
680	18	9131	173
1042	18	489	173
9144	18	1031	173
9164	19	358	173
2990	19	9159	173
8552	19	9149	173
0	0	1	173
9144	18	9140	173
9531	21	9451	173
9144	18	1041	173
104	0	106	173
135	18	1470	173
1042	18	160	173
9144	18	698	173
2295	8	2294	173
680	18	9135	173
3250	21	9434	173
1042	18	876	173
1042	18	645	173
2377	8	2378	173
1042	18	377	173
1866	19	1991	173
680	18	9133	173
135	18	1081	173
2463	8	2464	173
1042	18	1050	173
9144	18	1029	173
9144	18	1035	173
2691	19	9149	173
9141	18	1076	173
1042	18	1051	173
680	18	9132	173
1042	18	567	173
9144	18	9138	173
400	18	446	173
135	18	854	173
135	18	1591	173
135	18	1426	174
1042	18	489	174
1042	18	377	174
9144	18	9140	174
1042	18	297	174
135	18	854	174
1042	18	571	174
2378	8	2377	174
680	18	9131	174
2463	8	2464	174
9144	18	698	174
9470	21	9455	174
69	0	70	174
1042	18	1551	174
3250	21	9434	174
9144	18	9137	174
135	18	1470	174
2286	8	2287	174
135	18	1081	174
400	18	3078	174
9141	18	1076	174
680	18	9134	174
1042	18	1051	174
1042	18	1050	174
1042	18	1441	174
9144	18	1027	174
9144	18	1041	174
135	18	2004	174
680	18	9133	174
9164	19	358	174
1042	18	570	174
2287	8	2286	174
9144	18	1029	174
9144	18	9138	174
9144	18	704	174
9534	21	9465	174
1042	18	967	174
2377	8	2378	174
9144	18	1031	174
135	18	438	174
104	0	106	174
8552	19	9149	174
400	18	446	174
1042	18	1467	174
1042	18	567	174
2925	19	1926	174
2310	19	1991	174
1042	18	160	174
2691	19	9149	174
2424	8	2425	174
6195	19	1991	174
7018	19	1991	174
1042	18	435	174
680	18	9130	174
135	18	1591	174
1042	18	568	174
1866	19	1991	174
1042	18	876	174
680	18	9132	174
1042	18	715	174
9144	18	1035	174
1042	18	645	174
0	0	1	174
135	18	534	174
9144	18	696	174
9144	18	687	174
680	18	9135	174
2990	19	9159	174
3409	21	9434	174
4764	21	9462	174
1042	18	979	174
400	18	481	174
9144	18	137	174
680	18	9135	175
1042	18	1441	175
1866	19	1991	175
2691	19	9149	175
9144	18	1031	175
1042	18	1551	175
9144	18	9140	175
1042	18	967	175
680	18	9132	175
9470	21	9455	175
69	0	70	175
2424	8	2425	175
400	18	446	175
2310	19	1991	175
9531	21	9457	175
1042	18	1050	175
680	18	9133	175
135	18	1591	175
1042	18	1051	175
9144	18	1027	175
104	0	106	175
680	18	9130	175
7018	19	1991	175
3409	21	9434	175
135	18	534	175
1042	18	377	175
2286	8	2287	175
135	18	1081	175
2287	8	2286	175
3250	21	9434	175
0	0	1	175
1042	18	435	175
8552	19	9149	175
9144	18	696	175
1042	18	297	175
400	18	481	175
9144	18	698	175
680	18	9131	175
400	18	3078	175
9144	18	137	175
1042	18	160	175
9141	18	1076	175
135	18	854	175
9144	18	1035	175
135	18	438	175
1042	18	570	175
6195	19	1991	175
135	18	1470	175
135	18	1426	175
1042	18	568	175
680	18	9134	175
1042	18	571	175
9164	19	358	175
9144	18	1029	175
135	18	2004	175
4764	21	9462	175
2925	19	1926	175
1042	18	876	175
9144	18	704	175
9144	18	9137	175
1042	18	979	175
1042	18	567	175
1042	18	645	175
2990	19	9159	175
2463	8	2464	175
9144	18	687	175
9144	18	9138	175
1042	18	489	175
1042	18	1467	175
1042	18	715	175
9534	21	9465	175
9144	18	1041	175
1042	18	489	176
2286	8	2287	176
9144	18	1035	176
0	0	1	176
135	18	2004	176
680	18	9134	176
9144	18	1027	176
1042	18	571	176
135	18	1591	176
135	18	854	176
2310	19	1991	176
9144	18	1041	176
400	18	446	176
2990	19	9159	176
1042	18	1467	176
9144	18	696	176
400	18	481	176
2925	19	1926	176
1042	18	979	176
8552	19	9149	176
9144	18	9138	176
1042	18	967	176
9141	18	1076	176
1042	18	377	176
2463	8	2464	176
135	18	438	176
9534	21	9465	176
135	18	1426	176
6195	19	1991	176
680	18	9130	176
7018	19	1991	176
135	18	1470	176
1042	18	570	176
9144	18	1029	176
135	18	1081	176
2287	8	2286	176
9144	18	698	176
1042	18	1051	176
104	0	106	176
9164	19	358	176
9144	18	1031	176
680	18	9131	176
400	18	3078	176
1042	18	435	176
1042	18	568	176
9144	18	137	176
1042	18	1441	176
9144	18	9140	176
1866	19	1991	176
3409	21	9434	176
9432	21	9461	176
1042	18	1050	176
680	18	9135	176
9144	18	9137	176
4764	21	9462	176
135	18	534	176
1042	18	715	176
1042	18	645	176
1042	18	1551	176
69	0	70	176
9144	18	687	176
1042	18	160	176
9144	18	704	176
1042	18	297	176
2691	19	9149	176
680	18	9132	176
1042	18	876	176
1042	18	567	176
3250	21	9434	176
9470	21	9455	176
2424	8	2425	176
680	18	9133	176
9144	18	1031	177
1042	18	297	177
9144	18	1041	177
8552	19	9149	177
9534	21	9465	177
9144	18	1035	177
1042	18	876	177
1042	18	645	177
680	18	9133	177
1042	18	570	177
6195	19	1991	177
1042	18	571	177
135	18	1081	177
9144	18	687	177
680	18	9135	177
3250	21	9434	177
1042	18	967	177
400	18	3078	177
680	18	9132	177
2990	19	9159	177
680	18	9134	177
680	18	9130	177
1042	18	1441	177
1042	18	979	177
9144	18	1027	177
135	18	1426	177
1042	18	489	177
9144	18	9140	177
400	18	446	177
135	18	854	177
2925	19	1926	177
1042	18	715	177
69	0	70	177
2463	8	2464	177
0	0	1	177
9144	18	704	177
135	18	2004	177
9164	19	358	177
9141	18	1076	177
2310	19	1991	177
1042	18	435	177
1042	18	160	177
2424	8	2425	177
1042	18	1051	177
9144	18	9138	177
135	18	1470	177
400	18	481	177
135	18	534	177
9144	18	137	177
1042	18	377	177
2287	8	2286	177
1042	18	568	177
1042	18	1467	177
4764	21	9462	177
1042	18	567	177
9144	18	1029	177
2286	8	2287	177
9144	18	696	177
7018	19	1991	177
9144	18	698	177
2691	19	9149	177
680	18	9131	177
9144	18	9137	177
1042	18	1551	177
135	18	438	177
135	18	1591	177
104	0	106	177
3840	21	9468	177
9470	21	9455	177
1866	19	1991	177
1042	18	1050	177
9144	18	1035	178
8552	19	9149	178
680	18	9135	178
6400	19	9159	178
2424	8	2425	178
680	18	9131	178
1042	18	377	178
2310	19	1991	178
135	18	534	178
2691	19	9149	178
1042	18	1441	178
9144	18	1041	178
9144	18	704	178
104	0	106	178
9144	18	1029	178
1042	18	435	178
135	18	2004	178
135	18	1426	178
9534	21	9465	178
9144	18	1027	178
9144	18	9138	178
9144	18	687	178
1042	18	967	178
9144	18	698	178
1042	18	715	178
1042	18	1467	178
1042	18	1050	178
1042	18	160	178
680	18	9133	178
2286	8	2287	178
1042	18	570	178
400	18	446	178
1042	18	1551	178
135	18	1470	178
4764	21	9462	178
1042	18	489	178
9470	21	9455	178
1042	18	571	178
0	0	1	178
1042	18	567	178
135	18	1081	178
680	18	9134	178
6195	19	1991	178
135	18	438	178
1042	18	568	178
9144	18	9137	178
2925	19	1926	178
1866	19	1991	178
400	18	3078	178
1042	18	1051	178
400	18	481	178
2463	8	2464	178
1042	18	979	178
9144	18	696	178
9164	19	358	178
9141	18	1076	178
3250	21	9434	178
680	18	9130	178
2287	8	2286	178
2990	19	9159	178
7018	19	1991	178
680	18	9132	178
69	0	70	178
135	18	854	178
1042	18	297	178
1042	18	876	178
9144	18	1031	178
9144	18	137	178
9144	18	9140	178
1042	18	645	178
135	18	1591	178
9144	18	1027	179
1042	18	715	179
400	18	446	179
3250	21	9434	179
9144	18	137	179
104	0	106	179
9534	21	9465	179
9164	19	358	179
400	18	3078	179
680	18	9130	179
1042	18	1050	179
680	18	9134	179
9144	18	9138	179
135	18	1470	179
8552	19	9149	179
4764	21	9462	179
1042	18	489	179
9144	18	1031	179
1042	18	571	179
1042	18	979	179
9144	18	9137	179
9144	18	704	179
1042	18	297	179
2287	8	2286	179
6400	19	9159	179
69	0	70	179
1042	18	876	179
9144	18	1029	179
1042	18	967	179
2286	8	2287	179
2925	19	1926	179
680	18	9133	179
1042	18	1051	179
9141	18	1076	179
9144	18	9140	179
1042	18	1551	179
0	0	1	179
9144	18	696	179
1042	18	160	179
1042	18	567	179
1042	18	568	179
680	18	9135	179
1042	18	1441	179
2463	8	2464	179
9144	18	1041	179
400	18	481	179
135	18	1081	179
1042	18	645	179
1042	18	377	179
1042	18	570	179
680	18	9132	179
1042	18	1467	179
135	18	2004	179
7018	19	1991	179
6195	19	1991	179
9144	18	698	179
2310	19	1991	179
135	18	534	179
1042	18	435	179
2990	19	9159	179
9144	18	687	179
3313	21	9434	179
135	18	438	179
2691	19	9149	179
9144	18	1035	179
1866	19	1991	179
680	18	9131	179
135	18	1426	179
9470	21	9455	179
135	18	854	179
135	18	1591	179
2424	8	2425	179
2310	19	1991	180
9144	18	1029	180
2287	8	2286	180
680	18	9131	180
1042	18	1050	180
1042	18	570	180
680	18	9130	180
2442	8	2441	180
400	18	481	180
9144	18	1035	180
2441	8	2442	180
135	18	1591	180
104	0	106	180
1042	18	645	180
9144	18	696	180
9144	18	137	180
1042	18	567	180
2424	8	2425	180
135	18	1426	180
1042	18	1551	180
680	18	9135	180
135	18	2004	180
2925	19	1926	180
400	18	3078	180
2990	19	9159	180
1866	19	1991	180
680	18	9133	180
8552	19	9149	180
1042	18	967	180
2400	8	2401	180
1042	18	489	180
69	0	70	180
9164	19	358	180
9144	18	9138	180
7018	19	1991	180
135	18	854	180
1042	18	715	180
680	18	9132	180
3250	21	9434	180
1042	18	1441	180
9144	18	698	180
1042	18	876	180
1042	18	1051	180
9144	18	9140	180
1042	18	979	180
9470	21	9455	180
400	18	446	180
9144	18	687	180
9144	18	9137	180
135	18	534	180
1042	18	571	180
1042	18	377	180
3313	21	9434	180
4764	21	9462	180
9141	18	1076	180
6195	19	1991	180
6400	19	9159	180
9534	21	9465	180
0	0	1	180
2286	8	2287	180
9144	18	704	180
2463	8	2464	180
9144	18	1027	180
9144	18	1041	180
1042	18	435	180
135	18	1081	180
1042	18	160	180
135	18	438	180
9144	18	1031	180
680	18	9134	180
135	18	1470	180
1042	18	568	180
1042	18	1467	180
1042	18	297	180
2691	19	9149	180
1042	18	377	181
1042	18	568	181
135	18	1081	181
400	18	446	181
135	18	954	181
135	18	534	181
9144	18	1029	181
400	18	481	181
1042	18	645	181
8552	19	9149	181
135	18	1014	181
2990	19	9159	181
135	18	2004	181
9144	18	9138	181
9144	18	9137	181
1042	18	876	181
2286	8	2287	181
104	0	106	181
9534	21	9465	181
1042	18	571	181
1866	19	1991	181
9470	21	9455	181
135	18	854	181
2400	8	2401	181
9144	18	1041	181
9144	18	1027	181
4764	21	9462	181
2925	19	1926	181
1042	18	570	181
135	18	438	181
2463	8	2464	181
680	18	9132	181
1042	18	489	181
9144	18	704	181
3250	21	9434	181
446	7	2235	181
1042	18	160	181
2442	8	2441	181
9144	18	698	181
135	18	9134	181
2310	19	1991	181
680	18	9134	181
69	0	70	181
135	18	9131	181
135	18	9135	181
9141	18	1076	181
135	18	1426	181
680	18	9133	181
400	18	3078	181
1042	18	1051	181
1042	18	1441	181
6400	19	9159	181
1042	18	1551	181
0	0	1	181
2277	8	2278	181
135	18	602	181
680	18	9131	181
1042	18	567	181
9144	18	687	181
9144	18	137	181
7018	19	1991	181
3313	21	9434	181
1042	18	435	181
2441	8	2442	181
2691	19	9149	181
9144	18	696	181
680	18	9130	181
1042	18	1467	181
1042	18	715	181
1042	18	297	181
1042	18	967	181
680	18	9135	181
6195	19	1991	181
135	18	1470	181
2424	8	2425	181
9144	18	1035	181
135	18	9132	181
1042	18	979	181
135	18	1591	181
2278	8	2277	181
135	18	9133	181
9164	19	358	181
1042	18	1050	181
9144	18	1031	181
2287	8	2286	181
9144	18	9140	181
135	18	9130	181
135	18	1013	181
9144	18	1035	182
9144	18	1041	182
2310	19	1991	182
1042	18	297	182
2286	8	2287	182
400	18	481	182
2990	19	9159	182
1042	18	1441	182
446	7	2235	182
9144	18	698	182
9534	21	9465	182
9144	18	1027	182
9164	19	358	182
135	18	1013	182
1042	18	570	182
135	18	9132	182
400	18	3078	182
9144	18	9137	182
400	18	446	182
9141	18	1076	182
135	18	1470	182
1042	18	435	182
135	18	9130	182
1042	18	568	182
135	18	9131	182
104	0	106	182
9144	18	1031	182
6195	19	1991	182
9144	18	9138	182
1042	18	489	182
8552	19	9149	182
135	18	602	182
135	18	1591	182
1042	18	715	182
1042	18	160	182
135	18	954	182
2277	8	2278	182
135	18	438	182
1042	18	967	182
2925	19	1926	182
135	18	854	182
2691	19	9149	182
2424	8	2425	182
1042	18	979	182
1042	18	571	182
2278	8	2277	182
135	18	2004	182
1042	18	1051	182
135	18	9134	182
9144	18	704	182
2463	8	2464	182
4764	21	9462	182
7018	19	1991	182
135	18	9133	182
2441	8	2442	182
9144	18	687	182
1866	19	1991	182
9470	21	9455	182
1042	18	1551	182
1042	18	1050	182
135	18	1426	182
135	18	9135	182
9144	18	1029	182
9531	21	9442	182
2287	8	2286	182
9456	21	9458	182
1042	18	1467	182
2400	8	2401	182
1042	18	377	182
0	0	1	182
2442	8	2441	182
9144	18	696	182
3250	21	9434	182
69	0	70	182
135	18	1081	182
135	18	534	182
9144	18	137	182
1042	18	645	182
9144	18	9140	182
1042	18	876	182
6400	19	9159	182
135	18	1014	182
1042	18	567	182
1042	18	1441	183
9144	18	696	183
104	0	106	183
9141	18	1076	183
1042	18	979	183
7018	19	1991	183
8552	19	9149	183
1042	18	568	183
9144	18	9140	183
135	18	602	183
8842	19	9149	183
2691	19	9149	183
1042	18	377	183
1042	18	571	183
135	18	1426	183
9144	18	9137	183
6195	19	1991	183
1042	18	567	183
9144	18	1031	183
135	18	954	183
0	0	1	183
2441	8	2442	183
1042	18	489	183
2310	19	1991	183
135	18	9135	183
2463	8	2464	183
1042	18	1551	183
2287	8	2286	183
1042	18	570	183
135	18	1013	183
1042	18	876	183
400	18	446	183
1042	18	297	183
1042	18	1467	183
6400	19	9159	183
135	18	854	183
9144	18	9138	183
3250	21	9434	183
1042	18	1050	183
1042	18	967	183
135	18	2004	183
9144	18	1029	183
2925	19	1926	183
400	18	481	183
9144	18	687	183
9144	18	137	183
400	18	3078	183
2442	8	2441	183
135	18	1014	183
135	18	438	183
135	18	1591	183
9144	18	1035	183
1042	18	645	183
2424	8	2425	183
9470	21	9455	183
135	18	9131	183
2990	19	9159	183
135	18	1470	183
2277	8	2278	183
9144	18	1027	183
2349	8	2348	183
69	0	70	183
1042	18	1051	183
135	18	9130	183
9164	19	358	183
135	18	534	183
2348	8	2349	183
9144	18	704	183
9534	21	9465	183
1042	18	715	183
446	7	2235	183
135	18	1081	183
1866	19	1991	183
135	18	9134	183
135	18	9132	183
9144	18	1041	183
135	18	9133	183
2278	8	2277	183
1042	18	435	183
1042	18	160	183
4764	21	9462	183
2400	8	2401	183
9144	18	698	183
2286	8	2287	183
446	7	2235	184
1042	18	570	184
1866	19	1991	184
9164	19	358	184
1042	18	377	184
1042	18	967	184
1042	18	435	184
2277	8	2278	184
6400	19	9159	184
8842	19	9149	184
69	0	70	184
2442	8	2441	184
9144	18	9138	184
9144	18	1031	184
135	18	854	184
2463	8	2464	184
9144	18	1029	184
135	18	1591	184
2278	8	2277	184
135	18	9135	184
9144	18	9140	184
2990	19	9159	184
1042	18	1551	184
9144	18	9137	184
135	18	438	184
135	18	1013	184
135	18	1470	184
1042	18	568	184
4764	21	9462	184
9144	18	696	184
135	18	1426	184
135	18	534	184
1042	18	160	184
135	18	9132	184
2691	19	9149	184
2400	8	2401	184
1042	18	1467	184
1042	18	645	184
135	18	9130	184
9522	21	9451	184
2348	8	2349	184
9144	18	137	184
9144	18	1035	184
135	18	2004	184
0	0	1	184
400	18	446	184
135	18	9131	184
8552	19	9149	184
135	18	954	184
1042	18	489	184
104	0	106	184
135	18	9133	184
9515	21	9451	184
9144	18	704	184
2287	8	2286	184
400	18	3078	184
2349	8	2348	184
2310	19	1991	184
1042	18	1441	184
400	18	481	184
9141	18	1076	184
9470	21	9455	184
2424	8	2425	184
1042	18	876	184
3250	21	9434	184
9144	18	1027	184
9144	18	1041	184
2925	19	1926	184
6195	19	1991	184
1042	18	1051	184
1042	18	715	184
9534	21	9465	184
135	18	1014	184
7018	19	1991	184
9144	18	687	184
1042	18	571	184
1042	18	297	184
1042	18	1050	184
2441	8	2442	184
135	18	9134	184
2286	8	2287	184
135	18	602	184
1042	18	567	184
1042	18	979	184
9144	18	698	184
135	18	1081	184
9144	18	137	185
1042	18	1051	185
2287	8	2286	185
135	18	9135	185
135	18	1591	185
135	18	9131	185
9141	18	1076	185
9144	18	9138	185
135	18	9132	185
2424	8	2425	185
135	18	854	185
9144	18	9137	185
1042	18	297	185
1042	18	715	185
1042	18	570	185
2925	19	1926	185
1042	18	568	185
104	0	106	185
8842	19	9149	185
1042	18	571	185
135	18	602	185
0	0	1	185
2990	19	9159	185
2277	8	2278	185
1042	18	567	185
400	18	446	185
135	18	9130	185
1042	18	435	185
135	18	438	185
2286	8	2287	185
1042	18	160	185
135	18	2004	185
135	18	954	185
9144	18	1027	185
1042	18	1467	185
9144	18	1031	185
2441	8	2442	185
9444	21	9440	185
9144	18	1041	185
4764	21	9462	185
2442	8	2441	185
69	0	70	185
135	18	1426	185
6400	19	9159	185
400	18	3078	185
1042	18	1551	185
446	7	2235	185
135	18	1013	185
2349	8	2348	185
2463	8	2464	185
9144	18	9140	185
9144	18	1029	185
1042	18	876	185
2691	19	9149	185
9144	18	1035	185
3250	21	9434	185
6195	19	1991	185
2310	19	1991	185
400	18	481	185
135	18	1081	185
7018	19	1991	185
9534	21	9465	185
1042	18	645	185
1042	18	1050	185
9144	18	696	185
9144	18	704	185
1866	19	1991	185
1042	18	979	185
1042	18	967	185
9470	21	9455	185
8552	19	9149	185
1042	18	1441	185
135	18	1470	185
2348	8	2349	185
2278	8	2277	185
9144	18	698	185
1042	18	377	185
9144	18	687	185
9164	19	358	185
1042	18	489	185
135	18	1014	185
135	18	9134	185
2400	8	2401	185
135	18	534	185
135	18	9133	185
2287	8	2286	186
9144	18	698	186
9144	18	1029	186
135	18	1426	186
104	0	106	186
9144	18	704	186
1042	18	567	186
400	18	446	186
2349	8	2348	186
4764	21	9462	186
400	18	3078	186
7018	19	1991	186
135	18	9132	186
9144	18	137	186
2691	19	9149	186
135	18	1470	186
135	18	1081	186
69	0	70	186
135	18	954	186
9144	18	1041	186
9144	18	1031	186
1042	18	876	186
9164	19	358	186
9144	18	1027	186
9144	18	9137	186
135	18	1014	186
2990	19	9159	186
1042	18	1441	186
135	18	9133	186
1042	18	1551	186
9144	18	1035	186
1042	18	489	186
3250	21	9434	186
1042	18	571	186
9522	21	9457	186
6400	19	9159	186
2414	8	2415	186
9144	18	9140	186
1042	18	715	186
135	18	9135	186
2400	8	2401	186
9144	18	9138	186
2424	8	2425	186
135	18	9130	186
135	18	602	186
400	18	481	186
8552	19	9149	186
1042	18	435	186
135	18	534	186
9470	21	9455	186
1042	18	645	186
2277	8	2278	186
135	18	438	186
9141	18	1076	186
135	18	9131	186
1042	18	979	186
135	18	1591	186
2442	8	2441	186
2463	8	2464	186
1042	18	570	186
1042	18	1050	186
9144	18	696	186
8842	19	9149	186
1866	19	1991	186
1042	18	568	186
135	18	854	186
1042	18	160	186
135	18	9134	186
9534	21	9465	186
135	18	2004	186
2441	8	2442	186
135	18	1013	186
0	0	1	186
9144	18	687	186
446	7	2235	186
2925	19	1926	186
1042	18	967	186
2348	8	2349	186
1042	18	377	186
3024	19	1992	186
1042	18	1051	186
1042	18	1467	186
2310	19	1991	186
6195	19	1991	186
2286	8	2287	186
2278	8	2277	186
1042	18	297	186
2990	19	9159	187
1042	18	645	187
2691	19	9149	187
9144	18	1031	187
9144	18	1027	187
2278	8	2277	187
1042	18	1441	187
1042	18	571	187
6400	19	9159	187
446	7	2235	187
2310	19	1991	187
9470	21	9455	187
400	18	481	187
135	18	9133	187
1042	18	489	187
400	18	446	187
1042	18	1051	187
9144	18	137	187
135	18	1013	187
2277	8	2278	187
1042	18	377	187
1042	18	160	187
1042	18	1551	187
135	18	9134	187
2348	8	2349	187
2441	8	2442	187
135	18	602	187
1042	18	979	187
69	0	70	187
135	18	1014	187
1042	18	567	187
9144	18	9138	187
9144	18	9140	187
3250	21	9434	187
104	0	106	187
135	18	1426	187
135	18	954	187
400	18	3078	187
1042	18	568	187
9144	18	687	187
1042	18	570	187
2463	8	2464	187
135	18	534	187
1042	18	1050	187
2287	8	2286	187
9144	18	696	187
1042	18	876	187
9144	18	1041	187
135	18	854	187
135	18	9135	187
2286	8	2287	187
9144	18	698	187
1042	18	715	187
2424	8	2425	187
135	18	1470	187
9164	19	358	187
7018	19	1991	187
9144	18	9137	187
2349	8	2348	187
135	18	1591	187
9534	21	9465	187
2925	19	1926	187
135	18	9132	187
2414	8	2415	187
135	18	438	187
8842	19	9149	187
2442	8	2441	187
1042	18	967	187
4764	21	9462	187
135	18	9131	187
9144	18	1035	187
135	18	2004	187
6195	19	1991	187
8552	19	9149	187
1866	19	1991	187
9144	18	704	187
9144	18	1029	187
135	18	1081	187
2400	8	2401	187
135	18	9130	187
9141	18	1076	187
1042	18	297	187
3024	19	1992	187
1042	18	435	187
1042	18	1467	187
0	0	1	187
2286	8	2287	188
400	18	3078	188
1042	18	567	188
135	18	9135	188
3250	21	9434	188
135	18	438	188
9144	18	1041	188
1042	18	967	188
1042	18	377	188
2441	8	2442	188
9164	19	358	188
2414	8	2415	188
1042	18	568	188
135	18	1081	188
135	18	9133	188
9144	18	1031	188
1042	18	489	188
1042	18	571	188
1042	18	979	188
1042	18	297	188
2277	8	2278	188
135	18	534	188
1042	18	645	188
9144	18	696	188
9144	18	698	188
9141	18	1076	188
3024	19	1992	188
6195	19	1991	188
1042	18	1551	188
135	18	9132	188
2463	8	2464	188
1042	18	876	188
0	0	1	188
7018	19	1991	188
2310	19	1991	188
135	18	2004	188
2287	8	2286	188
1042	18	1467	188
1042	18	435	188
135	18	954	188
2278	8	2277	188
135	18	854	188
135	18	1426	188
9144	18	687	188
135	18	1013	188
9144	18	1035	188
135	18	602	188
400	18	446	188
1866	19	1991	188
1042	18	160	188
400	18	481	188
135	18	9130	188
2990	19	9159	188
2424	8	2425	188
9144	18	9140	188
69	0	70	188
1042	18	1051	188
9144	18	1027	188
104	0	106	188
135	18	9134	188
1042	18	715	188
9144	18	137	188
9144	18	9138	188
1042	18	1050	188
2691	19	9149	188
2925	19	1926	188
9534	21	9465	188
8552	19	9149	188
446	7	2235	188
9470	21	9455	188
135	18	1014	188
4764	21	9462	188
9144	18	1029	188
8842	19	9149	188
1042	18	1441	188
9144	18	704	188
135	18	9131	188
135	18	1591	188
9144	18	9137	188
1042	18	570	188
135	18	1470	188
2442	8	2441	188
6400	19	9159	188
1042	18	489	189
2463	8	2464	189
9144	18	9140	189
9144	18	696	189
9144	18	687	189
1042	18	1467	189
9144	18	1029	189
9144	18	9137	189
1042	18	377	189
1042	18	979	189
1042	18	876	189
7018	19	1991	189
400	18	446	189
9144	18	1027	189
2441	8	2442	189
2395	21	9462	189
104	0	106	189
135	18	9134	189
6195	19	1991	189
1042	18	568	189
2287	8	2286	189
1042	18	571	189
9144	18	1031	189
135	18	9130	189
135	18	1591	189
135	18	9133	189
1042	18	1050	189
9470	21	9455	189
9534	21	9465	189
1042	18	570	189
3024	19	1992	189
1042	18	645	189
2278	8	2277	189
400	18	3078	189
2286	8	2287	189
1042	18	297	189
446	7	2235	189
4764	21	9462	189
2394	8	2395	189
9144	18	704	189
135	18	9135	189
135	18	1014	189
135	18	854	189
2691	19	9149	189
8552	19	9149	189
1042	18	160	189
9144	18	137	189
135	18	9132	189
135	18	438	189
135	18	1081	189
135	18	1426	189
135	18	2004	189
135	18	534	189
1866	19	1991	189
1042	18	715	189
9144	18	1041	189
3250	21	9434	189
9164	19	358	189
135	18	1470	189
135	18	602	189
2277	8	2278	189
1042	18	435	189
1042	18	1551	189
8842	19	9149	189
1042	18	567	189
1042	18	967	189
9144	18	698	189
0	0	1	189
135	18	1013	189
9141	18	1076	189
1042	18	1051	189
135	18	9131	189
135	18	954	189
69	0	70	189
2990	19	9159	189
2310	19	1991	189
2395	8	2394	189
9522	21	9442	189
400	18	481	189
2442	8	2441	189
2925	19	1926	189
1042	18	1441	189
9144	18	1035	189
2424	8	2425	189
9515	21	9457	189
9144	18	9138	189
6400	19	9159	189
2414	8	2415	189
1042	18	571	190
2310	19	1991	190
2414	8	2415	190
9144	18	1041	190
135	18	534	190
9144	18	9140	190
9144	18	137	190
104	0	106	190
8842	19	9149	190
135	18	9134	190
2395	21	9462	190
1042	18	570	190
2424	8	2425	190
135	18	438	190
1042	18	160	190
135	18	1081	190
1042	18	297	190
446	7	2235	190
7018	19	1991	190
135	18	9131	190
9141	18	1076	190
9144	18	1035	190
2286	8	2287	190
400	18	481	190
1042	18	377	190
0	0	1	190
69	0	70	190
6195	19	1991	190
1042	18	645	190
1042	18	1441	190
1042	18	1551	190
9144	18	1029	190
1042	18	567	190
2395	8	2394	190
2442	8	2441	190
135	18	1013	190
9144	18	704	190
135	18	9133	190
9144	18	687	190
135	18	2004	190
9144	18	696	190
1042	18	435	190
3250	21	9434	190
135	18	854	190
1042	18	489	190
135	18	602	190
135	18	1591	190
1042	18	979	190
135	18	9135	190
2287	8	2286	190
8552	19	9149	190
400	18	3078	190
135	18	1470	190
1042	18	568	190
9470	21	9455	190
2277	8	2278	190
2394	8	2395	190
9534	21	9465	190
9144	18	698	190
2463	8	2464	190
135	18	9130	190
135	18	1014	190
135	18	1426	190
135	18	9132	190
1042	18	1050	190
1042	18	1467	190
1042	18	715	190
9144	18	9137	190
135	18	954	190
3024	19	1992	190
1042	18	967	190
9144	18	1027	190
2691	19	9149	190
2406	8	2408	190
2990	19	9159	190
2925	19	1926	190
400	18	446	190
1042	18	876	190
9144	18	9138	190
4764	21	9462	190
2278	8	2277	190
9164	19	358	190
2441	8	2442	190
6400	19	9159	190
9144	18	1031	190
1042	18	1051	190
1042	18	1441	191
8842	19	9149	191
1042	18	489	191
135	18	1591	191
2990	19	9159	191
2278	8	2277	191
0	0	1	191
9144	18	1031	191
9144	18	9137	191
2286	8	2287	191
1042	18	979	191
135	18	9131	191
135	18	602	191
135	18	2004	191
1042	18	1551	191
4764	21	9462	191
8552	19	9149	191
9144	18	9140	191
135	18	1014	191
9144	18	698	191
9144	18	1029	191
2395	21	9511	191
1042	18	715	191
9470	21	9455	191
135	18	9134	191
135	18	9130	191
446	7	2235	191
9144	18	137	191
9144	18	704	191
1042	18	570	191
1042	18	297	191
135	18	534	191
6400	19	9159	191
135	18	854	191
69	0	70	191
9144	18	1035	191
135	18	1426	191
1042	18	568	191
9144	18	1027	191
1042	18	876	191
135	18	1081	191
104	0	106	191
2394	8	2395	191
135	18	1013	191
1042	18	435	191
2424	8	2425	191
9144	18	1041	191
2414	8	2415	191
9164	19	358	191
2691	19	9149	191
9515	21	9442	191
1042	18	1051	191
135	18	9133	191
135	18	954	191
1042	18	967	191
9144	18	696	191
400	18	446	191
9141	18	1076	191
1042	18	1050	191
1042	18	645	191
2287	8	2286	191
9144	18	687	191
2441	8	2442	191
135	18	1470	191
9144	18	9138	191
1042	18	567	191
1042	18	160	191
6195	19	1991	191
3024	19	1992	191
2395	8	2394	191
2395	21	9462	191
3250	21	9434	191
400	18	3078	191
7018	19	1991	191
135	18	9135	191
1042	18	1467	191
1042	18	377	191
2277	8	2278	191
1042	18	571	191
9534	21	9465	191
2310	19	1991	191
135	18	438	191
2463	8	2464	191
2442	8	2441	191
135	18	9132	191
2925	19	1926	191
400	18	481	191
6195	19	1991	192
1042	18	567	192
135	18	534	192
1042	18	1551	192
1042	18	645	192
1042	18	1441	192
2395	21	9462	192
2414	8	2415	192
400	18	481	192
400	18	3078	192
9141	18	1076	192
135	18	954	192
2424	8	2425	192
9144	18	9140	192
2394	8	2395	192
1042	18	435	192
135	18	9135	192
1042	18	1051	192
2990	19	9159	192
9144	18	1031	192
2691	19	9149	192
3250	21	9434	192
9144	18	687	192
135	18	438	192
135	18	1014	192
1042	18	1050	192
9534	21	9465	192
3069	19	1926	192
135	18	1013	192
1042	18	377	192
8529	19	1993	192
9164	19	358	192
2925	19	1926	192
135	18	9134	192
135	18	1591	192
4764	21	9462	192
2441	8	2442	192
135	18	1426	192
8552	19	9149	192
135	18	9131	192
135	18	602	192
8842	19	9149	192
6400	19	9159	192
9144	18	1027	192
69	0	70	192
1042	18	1467	192
2277	8	2278	192
135	18	9130	192
1042	18	489	192
2310	19	1991	192
135	18	854	192
9144	18	1035	192
1042	18	568	192
3024	19	1992	192
400	18	446	192
1042	18	571	192
9470	21	9455	192
2442	8	2441	192
2278	8	2277	192
9144	18	137	192
1042	18	160	192
1042	18	297	192
135	18	1081	192
446	7	2235	192
9144	18	696	192
1042	18	967	192
1042	18	570	192
2287	8	2286	192
7018	19	1991	192
1042	18	979	192
9144	18	704	192
135	18	2004	192
2286	8	2287	192
9459	21	9451	192
9144	18	698	192
9144	18	1041	192
9144	18	9138	192
135	18	9132	192
135	18	9133	192
9144	18	9137	192
2395	8	2394	192
0	0	1	192
2463	8	2464	192
9144	18	1029	192
104	0	106	192
1042	18	715	192
1042	18	876	192
135	18	1470	192
400	18	446	193
9144	18	698	193
135	18	602	193
3250	21	9434	193
135	18	9130	193
135	18	2004	193
9144	18	137	193
135	18	1470	193
2394	8	2395	193
2278	8	2277	193
2286	8	2287	193
1042	18	568	193
135	18	9132	193
9534	21	9465	193
1042	18	979	193
400	18	481	193
3069	19	1926	193
9144	18	1029	193
3024	19	1992	193
9144	18	1041	193
9144	18	704	193
2990	19	9159	193
6400	19	9159	193
446	7	2235	193
1042	18	567	193
9144	18	1027	193
104	0	106	193
9144	18	687	193
7018	19	1991	193
1042	18	1551	193
1042	18	571	193
135	18	1013	193
1042	18	1050	193
135	18	1014	193
1042	18	435	193
2925	19	1926	193
135	18	1591	193
69	0	70	193
1042	18	967	193
135	18	438	193
135	18	534	193
135	18	1426	193
9144	18	9140	193
1042	18	1441	193
9141	18	1076	193
1042	18	715	193
1042	18	1051	193
2310	19	1991	193
2463	8	2464	193
2424	8	2425	193
9144	18	9138	193
135	18	854	193
135	18	954	193
1042	18	489	193
2277	8	2278	193
135	18	9131	193
2395	8	2394	193
9144	18	9137	193
135	18	9134	193
8552	19	9149	193
4764	21	9462	193
8842	19	9149	193
1042	18	570	193
1042	18	160	193
0	0	1	193
1042	18	645	193
1042	18	297	193
135	18	1081	193
1042	18	876	193
135	18	9133	193
9144	18	1031	193
2414	8	2415	193
9144	18	1035	193
6195	19	1991	193
135	18	9135	193
9495	21	9451	193
1042	18	1467	193
8529	19	1993	193
9526	21	9477	193
2287	8	2286	193
2395	21	9462	193
2441	8	2442	193
400	18	3078	193
2691	19	9149	193
9512	21	9451	193
9470	21	9455	193
2442	8	2441	193
9164	19	358	193
9144	18	696	193
1042	18	377	193
9144	18	698	194
1042	18	570	194
135	18	534	194
3250	21	9434	194
135	18	1014	194
8529	19	1993	194
104	0	106	194
2287	8	2286	194
1042	18	876	194
135	18	1426	194
2393	8	2392	194
2441	8	2442	194
2277	8	2278	194
9512	21	9457	194
7293	19	1926	194
135	18	9132	194
1042	18	1467	194
135	18	9130	194
1042	18	435	194
1042	18	377	194
8842	19	9149	194
3069	19	1926	194
1042	18	715	194
9144	18	1029	194
9144	18	1035	194
2463	8	2464	194
1042	18	1051	194
400	18	446	194
9141	18	1076	194
135	18	602	194
9144	18	687	194
9144	18	9140	194
9144	18	1041	194
400	18	481	194
8552	19	9149	194
9144	18	704	194
6400	19	9159	194
2925	19	1926	194
2414	8	2415	194
135	18	2004	194
1042	18	1441	194
135	18	9131	194
9144	18	1031	194
1042	18	1551	194
1042	18	567	194
7018	19	1991	194
9534	21	9465	194
6195	19	1991	194
2395	21	9462	194
9164	19	358	194
9144	18	9137	194
9144	18	696	194
400	18	3078	194
9144	18	137	194
2691	19	9149	194
1042	18	489	194
4764	21	9462	194
135	18	9134	194
2424	8	2425	194
135	18	9133	194
9470	21	9455	194
9144	18	1027	194
4604	21	9468	194
2394	8	2395	194
1042	18	979	194
3069	19	9152	194
1042	18	297	194
135	18	954	194
3024	19	1992	194
2990	19	9159	194
135	18	1470	194
135	18	9135	194
135	18	1591	194
135	18	438	194
1042	18	1050	194
2310	19	1991	194
2392	8	2393	194
69	0	70	194
135	18	854	194
135	18	1081	194
1042	18	571	194
2395	8	2394	194
1042	18	967	194
135	18	1013	194
0	0	1	194
2442	8	2441	194
1042	18	568	194
4565	21	9468	194
2278	8	2277	194
1042	18	160	194
1042	18	645	194
2286	8	2287	194
446	7	2235	194
9144	18	9138	194
400	18	481	195
9526	21	9451	195
1042	18	377	195
2691	19	9149	195
9459	21	9457	195
104	0	106	195
2414	8	2415	195
135	18	2004	195
135	18	9130	195
2925	19	1926	195
1042	18	435	195
9144	18	698	195
135	18	1470	195
8842	19	9149	195
135	18	9134	195
135	18	9133	195
9144	18	9140	195
135	18	854	195
135	18	954	195
135	18	1014	195
9164	19	358	195
4764	21	9462	195
1042	18	715	195
1042	18	297	195
9144	18	696	195
135	18	1013	195
2395	8	2394	195
400	18	3078	195
8552	19	9149	195
9144	18	1035	195
9144	18	1029	195
6195	19	1991	195
0	0	1	195
1042	18	645	195
400	18	446	195
135	18	1081	195
1042	18	489	195
9144	18	1031	195
1042	18	160	195
135	18	9131	195
2424	8	2425	195
9470	21	9455	195
1042	18	1441	195
135	18	534	195
9144	18	1027	195
2310	19	1991	195
446	7	2235	195
3250	21	9434	195
2394	8	2395	195
135	18	1426	195
9144	18	687	195
7293	19	1926	195
1042	18	1051	195
135	18	438	195
1042	18	1050	195
2463	8	2464	195
9144	18	9137	195
1042	18	568	195
69	0	70	195
9144	18	1041	195
2395	21	9462	195
3024	19	1992	195
1042	18	876	195
2287	8	2286	195
1042	18	571	195
8529	19	1993	195
2990	19	9159	195
2441	8	2442	195
6400	19	9159	195
135	18	9132	195
9141	18	1076	195
1042	18	979	195
9534	21	9465	195
135	18	1591	195
135	18	602	195
1042	18	567	195
2286	8	2287	195
1042	18	967	195
7018	19	1991	195
9144	18	9138	195
2442	8	2441	195
1042	18	1551	195
135	18	9135	195
2392	8	2393	195
1042	18	570	195
1042	18	1467	195
9144	18	137	195
2393	8	2392	195
9144	18	704	195
9144	18	9137	196
9144	18	1031	196
446	7	2235	196
9144	18	9138	196
135	18	1014	196
4764	21	9462	196
1042	18	1050	196
69	0	70	196
1042	18	1467	196
8529	19	1993	196
7293	19	1926	196
2441	8	2442	196
9534	21	9465	196
1042	18	967	196
6400	19	9159	196
1042	18	160	196
1042	18	876	196
135	18	1013	196
400	18	481	196
135	18	9133	196
9144	18	1041	196
2404	8	2405	196
1042	18	567	196
3250	21	9434	196
1042	18	1441	196
9144	18	9140	196
2414	8	2415	196
2691	19	9149	196
400	18	3078	196
2287	8	2286	196
2925	19	1926	196
2424	8	2425	196
3024	19	1992	196
135	18	534	196
135	18	1591	196
2394	8	2395	196
2405	8	2404	196
135	18	9131	196
1042	18	377	196
2393	8	2392	196
135	18	1081	196
7018	19	1991	196
1042	18	568	196
1042	18	297	196
135	18	438	196
1042	18	571	196
2463	8	2464	196
9144	18	1035	196
2392	8	2393	196
2990	19	9159	196
9141	18	1076	196
1042	18	1051	196
2286	8	2287	196
9144	18	1027	196
8842	19	9149	196
1042	18	645	196
9470	21	9455	196
135	18	9135	196
104	0	106	196
135	18	9132	196
2395	21	9462	196
9144	18	698	196
1042	18	570	196
9144	18	687	196
2442	8	2441	196
8552	19	9149	196
135	18	9134	196
400	18	446	196
135	18	602	196
9144	18	704	196
9144	18	137	196
9144	18	1029	196
1042	18	1551	196
135	18	1426	196
135	18	2004	196
0	0	1	196
135	18	9130	196
135	18	1470	196
6195	19	1991	196
135	18	954	196
1042	18	979	196
9144	18	696	196
1042	18	715	196
1042	18	435	196
2395	8	2394	196
135	18	854	196
9164	19	358	196
1042	18	489	196
1042	18	435	197
7018	19	1991	197
400	18	446	197
1042	18	1467	197
2691	19	9149	197
9144	18	687	197
135	18	1014	197
1042	18	1050	197
1042	18	715	197
135	18	954	197
1042	18	967	197
1042	18	377	197
135	18	602	197
9470	21	9455	197
2395	21	9462	197
2395	8	2394	197
1042	18	160	197
135	18	9131	197
1042	18	645	197
2441	8	2442	197
9144	18	1041	197
1042	18	1551	197
9144	18	1027	197
2292	8	2293	197
1042	18	568	197
2424	8	2425	197
9144	18	1031	197
1042	18	297	197
400	18	3078	197
4764	21	9462	197
2414	8	2415	197
3024	19	1992	197
9144	18	1029	197
135	18	2004	197
135	18	9130	197
6195	19	1991	197
2286	8	2287	197
135	18	1470	197
135	18	9135	197
9144	18	704	197
2442	8	2441	197
2405	8	2404	197
2990	19	9159	197
0	0	1	197
1042	18	567	197
135	18	438	197
9144	18	696	197
9164	19	358	197
1042	18	1051	197
3250	21	9434	197
135	18	1426	197
104	0	106	197
1042	18	979	197
1042	18	489	197
2393	8	2392	197
8842	19	9149	197
9144	18	9140	197
9141	18	1076	197
400	18	481	197
135	18	1081	197
1042	18	1441	197
2463	8	2464	197
9144	18	698	197
135	18	1013	197
135	18	9132	197
9144	18	1035	197
2287	8	2286	197
9144	18	137	197
1042	18	571	197
135	18	534	197
9144	18	9138	197
446	7	2235	197
1042	18	876	197
135	18	854	197
9144	18	9137	197
7293	19	1926	197
8529	19	1993	197
135	18	9134	197
69	0	70	197
2925	19	1926	197
135	18	1591	197
2404	8	2405	197
135	18	9133	197
6400	19	9159	197
9534	21	9465	197
8552	19	9149	197
2394	8	2395	197
1042	18	570	197
7293	19	1926	198
2424	8	2425	198
135	18	9133	198
9144	18	687	198
1042	18	570	198
135	18	854	198
400	18	3078	198
9470	21	9455	198
1042	18	1050	198
9141	18	1076	198
1042	18	967	198
7018	19	1991	198
9164	19	358	198
1042	18	489	198
135	18	1470	198
2405	8	2404	198
2394	8	2395	198
1042	18	876	198
6400	19	9159	198
9144	18	1041	198
135	18	2004	198
135	18	1014	198
69	0	70	198
2292	8	2293	198
135	18	534	198
2990	19	9159	198
2286	8	2287	198
1042	18	160	198
3024	19	1992	198
135	18	9130	198
1042	18	571	198
9144	18	9137	198
9526	21	9457	198
1042	18	1551	198
2463	8	2464	198
1042	18	568	198
2691	19	9149	198
2404	8	2405	198
2287	8	2286	198
135	18	1426	198
1042	18	435	198
9144	18	1031	198
2395	8	2394	198
135	18	1013	198
2441	8	2442	198
1042	18	377	198
135	18	9134	198
1042	18	297	198
9144	18	9138	198
135	18	954	198
446	7	2235	198
0	0	1	198
135	18	9135	198
135	18	9132	198
9144	18	1035	198
135	18	1591	198
9144	18	9140	198
400	18	446	198
1042	18	1051	198
104	0	106	198
8842	19	9149	198
135	18	1081	198
2395	21	9462	198
8529	19	1993	198
2925	19	1926	198
135	18	602	198
3250	21	9434	198
6195	19	1991	198
1042	18	645	198
135	18	9131	198
9144	18	1027	198
1042	18	1441	198
2414	8	2415	198
8552	19	9149	198
135	18	438	198
2442	8	2441	198
9144	18	1029	198
9144	18	137	198
4764	21	9462	198
9144	18	696	198
9144	18	704	198
1042	18	979	198
400	18	481	198
1042	18	567	198
9144	18	698	198
9534	21	9465	198
1042	18	1467	198
1042	18	715	198
1042	18	645	199
135	18	2004	199
135	18	9131	199
1042	18	979	199
0	0	1	199
8552	19	9149	199
2404	8	2405	199
4230	21	9462	199
1042	18	876	199
400	18	446	199
9144	18	1027	199
3250	21	9434	199
135	18	9133	199
135	18	9130	199
135	18	1014	199
2405	8	2404	199
135	18	1470	199
9164	19	358	199
9144	18	704	199
2463	8	2464	199
2925	19	1926	199
9144	18	9140	199
1042	18	967	199
135	18	1426	199
2442	8	2441	199
9534	21	9465	199
135	18	602	199
9144	18	9137	199
7018	19	1991	199
2292	8	2293	199
2286	8	2287	199
2414	8	2415	199
8529	19	1993	199
135	18	438	199
7293	19	1926	199
8842	19	9149	199
9144	18	1031	199
400	18	3078	199
9144	18	137	199
104	0	106	199
1042	18	570	199
1042	18	377	199
2691	19	9149	199
135	18	1081	199
1042	18	1441	199
2990	19	9159	199
135	18	9135	199
1042	18	715	199
1042	18	1051	199
9495	21	9457	199
1042	18	1551	199
135	18	9134	199
135	18	9132	199
69	0	70	199
1042	18	1467	199
2395	21	9462	199
446	7	2235	199
9144	18	687	199
9144	18	1035	199
2424	8	2425	199
135	18	854	199
9141	18	1076	199
6400	19	9159	199
135	18	1591	199
4764	21	9462	199
135	18	954	199
2395	8	2394	199
1042	18	571	199
2287	8	2286	199
1042	18	489	199
9144	18	696	199
9144	18	1041	199
1042	18	567	199
9144	18	9138	199
400	18	481	199
2441	8	2442	199
6195	19	1991	199
3024	19	1992	199
1042	18	435	199
9470	21	9455	199
2394	8	2395	199
1042	18	160	199
135	18	534	199
1042	18	297	199
1042	18	1050	199
1042	18	568	199
135	18	1013	199
9144	18	1029	199
9144	18	698	199
3069	19	1926	199
135	18	9131	200
135	18	1591	200
7293	19	1926	200
1042	18	567	200
9144	18	1029	200
2405	8	2404	200
2404	8	2405	200
9144	18	1035	200
1042	18	967	200
2691	19	9149	200
135	18	534	200
135	18	854	200
1042	18	1051	200
69	0	70	200
9144	18	9138	200
135	18	2004	200
9144	18	9140	200
2463	8	2464	200
1042	18	489	200
2395	21	9462	200
1042	18	1551	200
2925	19	1926	200
2394	8	2395	200
3069	19	1926	200
9144	18	1027	200
9144	18	698	200
135	18	602	200
9470	21	9455	200
135	18	1470	200
2442	8	2441	200
400	18	481	200
2286	8	2287	200
3250	21	9434	200
8552	19	9149	200
6195	19	1991	200
1042	18	570	200
135	18	1081	200
1042	18	876	200
2287	8	2286	200
9144	18	1041	200
1042	18	568	200
1042	18	571	200
135	18	1426	200
4764	21	9462	200
9164	19	358	200
7018	19	1991	200
135	18	438	200
2414	8	2415	200
1042	18	1441	200
135	18	9132	200
135	18	954	200
8529	19	1993	200
1042	18	979	200
9144	18	687	200
400	18	3078	200
135	18	9134	200
135	18	9135	200
8842	19	9149	200
1042	18	645	200
2990	19	9159	200
9144	18	137	200
400	18	446	200
3024	19	1992	200
9144	18	1031	200
2441	8	2442	200
9144	18	9137	200
1042	18	1050	200
9144	18	704	200
9141	18	1076	200
1042	18	297	200
135	18	9133	200
1042	18	160	200
9534	21	9465	200
4230	21	9462	200
2424	8	2425	200
2395	8	2394	200
135	18	9130	200
1042	18	1467	200
104	0	106	200
1042	18	377	200
135	18	1014	200
6400	19	9159	200
9144	18	696	200
0	0	1	200
2292	8	2293	200
1042	18	715	200
1042	18	435	200
135	18	1013	200
9144	18	9138	201
6400	19	9159	201
1042	18	1051	201
2414	8	2415	201
135	18	534	201
135	18	1470	201
9144	18	137	201
135	18	9133	201
135	18	9130	201
135	18	1591	201
2405	8	2404	201
9144	18	696	201
135	18	9134	201
2395	21	9462	201
9144	18	9137	201
7018	19	1991	201
6195	19	1991	201
9144	18	698	201
8529	19	1993	201
9144	18	687	201
2463	8	2464	201
2990	19	9159	201
135	18	1013	201
1042	18	645	201
8842	19	9149	201
9144	18	9140	201
3069	19	1926	201
9144	18	1031	201
1042	18	1441	201
400	18	446	201
1042	18	435	201
135	18	602	201
7293	19	1926	201
135	18	9135	201
8552	19	9149	201
2395	8	2394	201
3250	21	9434	201
2286	8	2287	201
1042	18	568	201
135	18	1081	201
135	18	854	201
0	0	1	201
135	18	1426	201
1042	18	1050	201
1042	18	567	201
1042	18	1551	201
135	18	2004	201
135	18	9132	201
9144	18	1029	201
9144	18	1041	201
135	18	954	201
9470	21	9455	201
1042	18	876	201
135	18	1014	201
1042	18	571	201
400	18	3078	201
3024	19	1992	201
135	18	438	201
1042	18	489	201
2404	8	2405	201
4230	21	9462	201
69	0	70	201
1042	18	297	201
2394	8	2395	201
2287	8	2286	201
135	18	9131	201
1042	18	1467	201
1042	18	715	201
9144	18	1027	201
1042	18	570	201
9164	19	358	201
9141	18	1076	201
104	0	106	201
1858	19	969	201
1042	18	967	201
1042	18	979	201
2925	19	1926	201
1042	18	160	201
9144	18	704	201
2424	8	2425	201
9144	18	1035	201
4764	21	9462	201
400	18	481	201
2691	19	9149	201
2292	8	2293	201
9534	21	9465	201
1042	18	377	201
7293	19	1926	202
1042	18	967	202
1042	18	567	202
135	18	534	202
6400	19	9159	202
3250	21	9434	202
135	18	9130	202
2292	8	2293	202
7018	19	1991	202
135	18	854	202
1042	18	160	202
2404	8	2405	202
9141	18	1076	202
9144	18	9140	202
4230	21	9462	202
135	18	9132	202
3069	19	1926	202
9144	18	687	202
2395	21	9462	202
0	0	1	202
1042	18	435	202
2414	8	2415	202
9441	21	9477	202
2424	8	2425	202
1042	18	570	202
135	18	9135	202
9144	18	696	202
6195	19	1991	202
135	18	2004	202
1858	19	969	202
2925	19	1926	202
2405	8	2404	202
1042	18	1441	202
1042	18	297	202
9144	18	9138	202
9144	18	1029	202
135	18	438	202
135	18	954	202
135	18	1014	202
135	18	9133	202
135	18	1591	202
1042	18	568	202
1042	18	645	202
9144	18	9137	202
2691	19	9149	202
2395	8	2394	202
2394	8	2395	202
9144	18	1027	202
2287	8	2286	202
69	0	70	202
1042	18	1051	202
8842	19	9149	202
1042	18	876	202
4764	21	9462	202
135	18	9134	202
135	18	1470	202
9144	18	698	202
135	18	1426	202
2463	8	2464	202
9164	19	358	202
9534	21	9465	202
9470	21	9455	202
2286	8	2287	202
9144	18	1031	202
8529	19	1993	202
400	18	3078	202
9144	18	137	202
135	18	1081	202
9144	18	1041	202
104	0	106	202
400	18	446	202
1042	18	1050	202
1042	18	1551	202
1042	18	979	202
1042	18	489	202
3024	19	1992	202
400	18	481	202
2990	19	9159	202
8552	19	9149	202
135	18	1013	202
135	18	9131	202
9144	18	704	202
9144	18	1035	202
1042	18	715	202
1042	18	1467	202
1042	18	571	202
1042	18	377	202
135	18	602	202
1042	18	160	203
135	18	9133	203
2405	8	2404	203
1042	18	1441	203
2001	7	2239	203
1042	18	645	203
9141	18	1076	203
2287	8	2286	203
135	18	9134	203
1042	18	1467	203
9144	18	1035	203
1042	18	979	203
135	18	9130	203
1858	19	969	203
1042	18	435	203
1042	18	876	203
9144	18	1031	203
135	18	9131	203
4230	21	9462	203
1042	18	567	203
2404	8	2405	203
135	18	2004	203
9144	18	9138	203
0	0	1	203
135	18	602	203
2424	8	2425	203
135	18	1014	203
2395	21	9462	203
1042	18	377	203
135	18	1081	203
2286	8	2287	203
1042	18	570	203
135	18	954	203
1042	18	1050	203
7293	19	1926	203
2406	8	2408	203
2925	19	1926	203
1042	18	1551	203
9144	18	9140	203
1042	18	967	203
1042	18	568	203
135	18	1426	203
135	18	9135	203
4764	21	9462	203
9164	19	358	203
104	0	106	203
1042	18	297	203
9144	18	1029	203
9144	18	137	203
8529	19	1993	203
3024	19	1992	203
3069	19	1926	203
135	18	9132	203
7018	19	1991	203
2990	19	9159	203
2292	8	2293	203
400	18	3078	203
1042	18	571	203
3250	21	9434	203
9470	21	9455	203
135	18	1591	203
1042	18	1051	203
9144	18	704	203
8552	19	9149	203
2414	8	2415	203
9144	18	696	203
2394	8	2395	203
400	18	446	203
1042	18	489	203
2691	19	9149	203
6400	19	9159	203
9534	21	9465	203
8842	19	9149	203
1042	18	715	203
400	18	481	203
69	0	70	203
9144	18	1041	203
135	18	854	203
9144	18	698	203
9144	18	687	203
9144	18	1027	203
135	18	1470	203
135	18	438	203
9144	18	9137	203
2463	8	2464	203
2395	8	2394	203
135	18	1013	203
135	18	534	203
4230	21	9462	204
1042	18	567	204
1042	18	876	204
1042	18	715	204
1042	18	1467	204
135	18	438	204
2286	8	2287	204
1042	18	571	204
135	18	1591	204
135	18	534	204
2405	8	2404	204
2406	8	2408	204
9144	18	1041	204
400	18	481	204
1042	18	1051	204
135	18	854	204
9534	21	9465	204
9144	18	9138	204
9439	21	9434	204
9144	18	1029	204
135	18	1014	204
2990	19	9159	204
1042	18	377	204
1042	18	297	204
3382	21	9435	204
9141	18	1076	204
9144	18	1031	204
2395	21	9511	204
9144	18	137	204
135	18	2004	204
400	18	3078	204
8529	19	1993	204
1042	18	1551	204
104	0	106	204
9144	18	9137	204
1042	18	568	204
2287	8	2286	204
2414	8	2415	204
135	18	9130	204
3352	21	9473	204
9144	18	698	204
2424	8	2425	204
8842	19	9149	204
3069	19	1926	204
3250	21	9434	204
2395	8	2394	204
4764	21	9462	204
135	18	1013	204
2925	19	1926	204
1858	19	969	204
9144	18	687	204
9470	21	9455	204
9144	18	1027	204
2404	8	2405	204
135	18	9135	204
135	18	954	204
1042	18	435	204
9144	18	9140	204
2691	19	9149	204
9164	19	358	204
135	18	9131	204
7293	19	1926	204
2001	7	2239	204
6400	19	9159	204
1042	18	160	204
135	18	602	204
3024	19	1992	204
7018	19	1991	204
8552	19	9149	204
135	18	9132	204
2463	8	2464	204
9144	18	1035	204
1042	18	979	204
9144	18	704	204
1042	18	645	204
1042	18	1050	204
135	18	9134	204
135	18	1426	204
1042	18	570	204
1042	18	489	204
1042	18	967	204
2292	8	2293	204
1042	18	1441	204
9144	18	696	204
69	0	70	204
2394	8	2395	204
135	18	9133	204
2395	21	9462	204
135	18	1470	204
0	0	1	204
135	18	1081	204
400	18	446	204
2001	7	2239	205
8842	19	9149	205
135	18	9134	205
9144	18	1029	205
3069	19	1926	205
135	18	1014	205
3250	21	9434	205
9144	18	9138	205
1042	18	967	205
1042	18	570	205
9144	18	1027	205
9144	18	1031	205
69	0	70	205
9470	21	9455	205
2394	8	2395	205
135	18	1470	205
9534	21	9465	205
1042	18	1551	205
1042	18	1441	205
104	0	106	205
135	18	1591	205
2424	8	2425	205
9144	18	9140	205
135	18	438	205
9144	18	1035	205
2395	21	9462	205
2990	19	9159	205
9144	18	704	205
4230	21	9462	205
3024	19	1992	205
7293	19	1926	205
1042	18	1050	205
2287	8	2286	205
135	18	9130	205
1042	18	297	205
1042	18	715	205
2433	8	2432	205
1042	18	160	205
2405	8	2404	205
4764	21	9462	205
135	18	1013	205
135	18	1081	205
2286	8	2287	205
7018	19	1991	205
135	18	954	205
135	18	602	205
8529	19	1993	205
2463	8	2464	205
2691	19	9149	205
1042	18	489	205
9141	18	1076	205
1042	18	567	205
2406	8	2408	205
0	0	1	205
2432	8	2433	205
9144	18	1041	205
9144	18	696	205
9144	18	687	205
2292	8	2293	205
9144	18	698	205
135	18	9135	205
2414	8	2415	205
135	18	534	205
135	18	2004	205
1042	18	979	205
3352	21	9473	205
1042	18	568	205
9164	19	358	205
9439	21	9434	205
9144	18	9137	205
6400	19	9159	205
8552	19	9149	205
135	18	9132	205
135	18	9133	205
1858	19	969	205
2404	8	2405	205
2925	19	1926	205
1042	18	1051	205
1042	18	645	205
1042	18	1467	205
9144	18	137	205
1042	18	435	205
135	18	9131	205
1042	18	571	205
2395	8	2394	205
1042	18	377	205
135	18	1426	205
135	18	854	205
1042	18	876	205
2463	8	2464	206
2424	8	2425	206
135	18	9135	206
135	18	438	206
135	18	602	206
9144	18	1029	206
7018	19	1991	206
3069	19	1926	206
135	18	2004	206
9144	18	9137	206
9144	18	1031	206
9144	18	1027	206
2286	8	2287	206
1042	18	568	206
1042	18	1441	206
6400	19	9159	206
3352	21	9473	206
135	18	954	206
2925	19	1926	206
1858	19	969	206
9144	18	698	206
1042	18	715	206
2358	8	2359	206
9470	21	9455	206
1042	18	1051	206
2292	8	2293	206
2432	8	2433	206
8529	19	1993	206
1042	18	377	206
1042	18	1050	206
2990	19	9159	206
135	18	854	206
1042	18	967	206
135	18	1014	206
3024	19	1992	206
9439	21	9434	206
1858	19	969	206
1042	18	297	206
1042	18	571	206
1042	18	876	206
9141	18	1076	206
9144	18	137	206
1042	18	1467	206
69	0	70	206
135	18	9130	206
7293	19	1926	206
9144	18	1035	206
1042	18	489	206
135	18	9133	206
9144	18	687	206
2001	7	2239	206
135	18	1081	206
9164	19	358	206
135	18	1591	206
8842	19	9149	206
9144	18	1041	206
1042	18	435	206
104	0	106	206
4764	21	9462	206
2394	8	2395	206
2287	8	2286	206
9144	18	704	206
0	0	1	206
2691	19	9149	206
135	18	9134	206
2404	8	2405	206
1042	18	645	206
4230	21	9462	206
2406	8	2408	206
2395	8	2394	206
1042	18	1551	206
9144	18	9138	206
1042	18	570	206
1042	18	160	206
2414	8	2415	206
135	18	9132	206
135	18	1426	206
2395	21	9462	206
135	18	1470	206
9534	21	9465	206
9495	21	9442	206
1042	18	567	206
8552	19	9149	206
135	18	1013	206
135	18	9131	206
3250	21	9434	206
9144	18	9140	206
2405	8	2404	206
135	18	534	206
1042	18	979	206
2433	8	2432	206
9144	18	696	206
2292	8	2293	207
2405	8	2404	207
9144	18	704	207
1042	18	1051	207
0	0	1	207
8529	19	1993	207
135	18	602	207
9144	18	9138	207
1042	18	571	207
9144	18	1027	207
9534	21	9465	207
135	18	954	207
2463	8	2464	207
2406	8	2408	207
1042	18	979	207
4230	21	9462	207
1042	18	1441	207
1042	18	1467	207
2990	19	9159	207
3069	19	1926	207
135	18	534	207
9164	19	358	207
1042	18	1050	207
2395	8	2394	207
2925	19	1926	207
1858	19	969	207
135	18	1591	207
135	18	1013	207
7018	19	1991	207
3352	21	9473	207
9144	18	1041	207
135	18	438	207
1042	18	967	207
135	18	1470	207
1042	18	297	207
1042	18	435	207
135	18	9135	207
9441	21	9451	207
2432	8	2433	207
135	18	9133	207
9144	18	687	207
135	18	9134	207
9531	21	9458	207
1042	18	567	207
2433	8	2432	207
135	18	9132	207
9470	21	9455	207
2691	19	9149	207
9439	21	9434	207
2394	8	2395	207
135	18	9131	207
9141	18	1076	207
1042	18	489	207
9144	18	9137	207
135	18	2004	207
1042	18	377	207
9144	18	696	207
8842	19	9149	207
1042	18	876	207
9144	18	137	207
2404	8	2405	207
2395	21	9462	207
1042	18	645	207
9144	18	9140	207
1042	18	568	207
135	18	1014	207
9144	18	1029	207
9144	18	698	207
2287	8	2286	207
2286	8	2287	207
2358	8	2359	207
9144	18	1031	207
135	18	1426	207
2414	8	2415	207
6400	19	9159	207
135	18	854	207
8552	19	9149	207
9144	18	1035	207
104	0	106	207
7293	19	1926	207
135	18	1081	207
3250	21	9434	207
135	18	9130	207
1042	18	715	207
3024	19	1992	207
1042	18	160	207
1042	18	570	207
69	0	70	207
4764	21	9462	207
2424	8	2425	207
2001	7	2239	207
1042	18	1551	207
9439	21	9434	208
69	0	70	208
9144	18	698	208
135	18	9130	208
2420	8	2421	208
7018	19	1991	208
7293	19	1926	208
9144	18	1041	208
135	18	1591	208
2001	7	2239	208
9144	18	9140	208
1042	18	567	208
2394	8	2395	208
9141	18	1076	208
2406	8	2408	208
9144	18	1027	208
135	18	1426	208
9144	18	1029	208
8529	19	1993	208
135	18	954	208
2395	8	2394	208
1042	18	715	208
1042	18	435	208
1042	18	570	208
1042	18	1441	208
2414	8	2415	208
1042	18	1050	208
2404	8	2405	208
135	18	9133	208
135	18	9135	208
1042	18	979	208
2421	8	2420	208
135	18	1470	208
2286	8	2287	208
135	18	9132	208
135	18	438	208
2433	8	2432	208
3352	21	9473	208
2292	8	2293	208
135	18	602	208
135	18	1013	208
8842	19	9149	208
2925	19	1926	208
9508	21	9438	208
9144	18	1031	208
9164	19	358	208
1042	18	489	208
1042	18	876	208
9506	21	9451	208
1042	18	967	208
2287	8	2286	208
9508	21	9434	208
3024	19	1992	208
6400	19	9159	208
9144	18	9138	208
9144	18	696	208
2358	8	2359	208
1858	19	969	208
135	18	1081	208
135	18	1014	208
1042	18	645	208
4764	21	9462	208
9144	18	137	208
4230	21	9462	208
2691	19	9149	208
2395	21	9462	208
135	18	534	208
135	18	854	208
9144	18	1035	208
3377	21	9435	208
2424	8	2425	208
1042	18	1051	208
3069	19	1926	208
104	0	106	208
8552	19	9149	208
2405	8	2404	208
3250	21	9434	208
9470	21	9455	208
1042	18	568	208
2990	19	9159	208
9144	18	687	208
9144	18	9137	208
1042	18	571	208
1042	18	1551	208
1042	18	297	208
1042	18	377	208
135	18	9134	208
9534	21	9465	208
1042	18	1467	208
2432	8	2433	208
0	0	1	208
2463	8	2464	208
135	18	9131	208
1042	18	160	208
9144	18	704	208
135	18	2004	208
9144	18	1029	209
135	18	854	209
9144	18	696	209
135	18	1014	209
4230	21	9462	209
135	18	9133	209
1042	18	645	209
135	18	9130	209
135	18	1470	209
2990	19	9159	209
135	18	1081	209
1042	18	160	209
1042	18	567	209
1042	18	570	209
2691	19	9149	209
8529	19	1993	209
7018	19	1991	209
2358	8	2359	209
1042	18	876	209
8552	19	9149	209
6400	19	9159	209
1042	18	568	209
8842	19	9149	209
1042	18	297	209
1042	18	1467	209
9144	18	1027	209
69	0	70	209
9439	21	9434	209
1042	18	979	209
1042	18	1050	209
9144	18	1031	209
135	18	9131	209
2414	8	2415	209
7293	19	1926	209
2395	8	2394	209
9144	18	9140	209
4764	21	9462	209
1042	18	571	209
2406	8	2408	209
9141	18	1076	209
1042	18	715	209
9144	18	687	209
9164	19	358	209
135	18	534	209
2404	8	2405	209
2448	8	2447	209
0	0	1	209
135	18	1591	209
135	18	9132	209
3250	21	9434	209
2420	8	2421	209
3024	19	1992	209
9144	18	9138	209
2463	8	2464	209
135	18	602	209
2287	8	2286	209
2447	8	2448	209
135	18	1013	209
9144	18	1041	209
1042	18	435	209
9144	18	698	209
2292	8	2293	209
135	18	9135	209
9144	18	9137	209
104	0	106	209
9470	21	9455	209
2433	8	2432	209
9144	18	1035	209
3352	21	9473	209
3069	19	1926	209
1042	18	377	209
2925	19	1926	209
9144	18	137	209
1042	18	1441	209
9506	21	9457	209
2394	8	2395	209
1042	18	967	209
2405	8	2404	209
2421	8	2420	209
135	18	2004	209
9534	21	9465	209
135	18	954	209
135	18	438	209
9144	18	704	209
1042	18	489	209
2286	8	2287	209
135	18	9134	209
2432	8	2433	209
1858	19	969	209
1042	18	1051	209
2395	21	9462	209
1042	18	1551	209
135	18	1426	209
2286	8	2287	210
8842	19	9149	210
135	18	1426	210
7293	19	1926	210
9144	18	1035	210
8552	19	9149	210
9144	18	696	210
9144	18	137	210
8529	19	1993	210
2925	19	1926	210
1858	19	969	210
1042	18	567	210
135	18	954	210
2406	8	2407	210
1042	18	979	210
3069	19	1926	210
135	18	1081	210
9470	21	9455	210
3250	21	9434	210
2407	8	2406	210
9144	18	1041	210
1042	18	570	210
1042	18	715	210
1042	18	377	210
1042	18	645	210
135	18	534	210
2432	8	2433	210
2433	8	2432	210
1042	18	1551	210
135	18	9134	210
9144	18	698	210
9144	18	9137	210
135	18	9133	210
1042	18	489	210
4230	21	9462	210
135	18	438	210
2405	8	2404	210
1042	18	967	210
2287	8	2286	210
135	18	1014	210
1042	18	1051	210
2990	19	9159	210
135	18	1591	210
1042	18	435	210
9141	18	1076	210
135	18	854	210
0	0	1	210
1042	18	1467	210
2421	8	2420	210
2395	8	2394	210
2448	8	2447	210
69	0	70	210
135	18	602	210
135	18	1013	210
7018	19	1991	210
135	18	1470	210
9164	19	358	210
9439	21	9434	210
135	18	9130	210
2404	8	2405	210
2358	8	2359	210
1042	18	571	210
135	18	9135	210
9534	21	9465	210
9144	18	1029	210
9144	18	9140	210
3323	21	9435	210
2420	8	2421	210
1042	18	1441	210
104	0	106	210
9144	18	704	210
2414	8	2415	210
9144	18	9138	210
2691	19	9149	210
2463	8	2464	210
9441	21	9457	210
2395	21	9462	210
2394	8	2395	210
9144	18	687	210
4764	21	9462	210
2292	8	2293	210
1042	18	297	210
3352	21	9473	210
135	18	9131	210
1042	18	876	210
3024	19	1992	210
1042	18	160	210
135	18	9132	210
6400	19	9159	210
9144	18	1031	210
2447	8	2448	210
1042	18	1050	210
135	18	2004	210
1042	18	568	210
2406	8	2408	210
9144	18	1027	210
2433	8	2432	211
9141	18	1076	211
135	18	534	211
9144	18	9140	211
2463	8	2464	211
69	0	70	211
9470	21	9455	211
9144	18	1027	211
1042	18	297	211
1042	18	715	211
3352	21	9473	211
3024	19	1992	211
2990	19	9159	211
1042	18	967	211
1858	19	969	211
2394	8	2395	211
1042	18	567	211
9534	21	9465	211
1042	18	876	211
0	0	1	211
9144	18	1035	211
2421	8	2420	211
1042	18	1467	211
1042	18	489	211
135	18	1014	211
2925	19	1926	211
135	18	1081	211
2395	21	9462	211
7018	19	1991	211
2292	8	2293	211
2358	8	2359	211
135	18	9134	211
135	18	602	211
1042	18	377	211
2286	8	2287	211
2420	8	2421	211
2405	8	2404	211
1042	18	1551	211
4764	21	9462	211
4230	21	9462	211
9144	18	696	211
1042	18	1050	211
135	18	1470	211
9144	18	1029	211
2407	8	2406	211
1042	18	568	211
1042	18	570	211
2432	8	2433	211
135	18	9135	211
9144	18	698	211
3250	21	9434	211
2287	8	2286	211
2404	8	2405	211
1042	18	571	211
9164	19	358	211
3069	19	1926	211
7293	19	1926	211
135	18	9132	211
135	18	954	211
2448	8	2447	211
9144	18	704	211
9144	18	9138	211
9439	21	9440	211
1042	18	435	211
2447	8	2448	211
9144	18	1041	211
2691	19	9149	211
6400	19	9159	211
9439	21	9434	211
1042	18	160	211
135	18	9133	211
135	18	854	211
135	18	2004	211
9144	18	1031	211
135	18	438	211
9144	18	137	211
135	18	9130	211
9144	18	9137	211
2414	8	2415	211
1042	18	1441	211
1042	18	979	211
2406	8	2407	211
2395	8	2394	211
1042	18	645	211
135	18	1591	211
104	0	106	211
135	18	1013	211
1042	18	1051	211
9144	18	687	211
135	18	1426	211
8842	19	9149	211
135	18	9131	211
9144	18	9140	212
135	18	9130	212
135	18	9131	212
2395	8	2394	212
1042	18	568	212
104	0	106	212
9441	21	9442	212
1042	18	645	212
135	18	854	212
2990	19	9159	212
135	18	602	212
1879	8	2413	212
135	18	534	212
69	0	70	212
135	18	9132	212
1042	18	567	212
4764	21	9462	212
9144	18	698	212
9144	18	137	212
9144	18	696	212
9144	18	1027	212
6400	19	9159	212
2287	8	2286	212
2405	8	2404	212
4230	21	9462	212
3069	19	1926	212
3024	19	1992	212
9141	18	1076	212
7293	19	1926	212
9144	18	1031	212
8842	19	9149	212
135	18	9135	212
2433	8	2432	212
2925	19	1926	212
2395	21	9462	212
9506	21	9442	212
1042	18	967	212
2286	8	2287	212
9144	18	704	212
2358	8	2359	212
2404	8	2405	212
135	18	9133	212
2407	8	2406	212
135	18	954	212
2432	8	2433	212
9144	18	1029	212
9534	21	9465	212
1042	18	570	212
1042	18	1050	212
1042	18	297	212
3352	21	9473	212
1042	18	1551	212
1042	18	435	212
2414	8	2415	212
9164	19	358	212
9144	18	687	212
2406	8	2407	212
135	18	1470	212
135	18	2004	212
135	18	1014	212
7018	19	1991	212
135	18	1013	212
135	18	1081	212
2413	8	1879	212
2420	8	2421	212
2470	8	2471	212
2463	8	2464	212
135	18	1591	212
3250	21	9434	212
1858	19	969	212
2691	19	9149	212
1042	18	876	212
1042	18	571	212
0	0	1	212
2394	8	2395	212
9144	18	1041	212
1042	18	1441	212
2448	8	2447	212
1042	18	1051	212
9144	18	1035	212
9470	21	9455	212
135	18	9134	212
2447	8	2448	212
2292	8	2293	212
1042	18	160	212
2421	8	2420	212
1042	18	1467	212
9144	18	9138	212
9144	18	9137	212
135	18	438	212
1042	18	377	212
135	18	1426	212
1042	18	715	212
1042	18	979	212
1042	18	489	212
9534	21	9465	213
1042	18	876	213
135	18	438	213
135	18	9132	213
3352	21	9473	213
2404	8	2405	213
2420	8	2421	213
2990	19	9159	213
2287	8	2286	213
2413	8	1879	213
2407	8	2406	213
1042	18	715	213
9144	18	698	213
9144	18	1031	213
2414	8	2415	213
9144	18	1041	213
3287	21	9473	213
2405	8	2404	213
1858	19	969	213
104	0	106	213
3403	21	9435	213
135	18	1013	213
9144	18	137	213
9470	21	9455	213
1042	18	570	213
6400	19	9159	213
9144	18	1027	213
3250	21	9434	213
69	0	70	213
7293	19	1926	213
1042	18	489	213
9144	18	9140	213
135	18	1591	213
135	18	9134	213
2432	8	2433	213
2286	8	2287	213
2470	8	2471	213
2001	7	2239	213
135	18	1470	213
9144	18	1035	213
2394	8	2395	213
135	18	9133	213
2463	8	2464	213
2691	19	9149	213
1879	8	2413	213
9141	18	1076	213
2395	8	2394	213
7018	19	1991	213
135	18	2004	213
1042	18	1441	213
0	0	1	213
2447	8	2448	213
4764	21	9462	213
9144	18	696	213
135	18	602	213
1042	18	1467	213
1042	18	435	213
1042	18	1050	213
9144	18	9137	213
135	18	9135	213
2395	21	9462	213
1042	18	377	213
1042	18	297	213
4230	21	9462	213
3351	21	9435	213
1042	18	571	213
1042	18	645	213
9144	18	704	213
1042	18	160	213
2358	8	2359	213
135	18	1081	213
2433	8	2432	213
3069	19	1926	213
1042	18	1051	213
135	18	9130	213
3024	19	1992	213
8842	19	9149	213
135	18	534	213
2925	19	1926	213
1042	18	979	213
1042	18	568	213
135	18	9131	213
2448	8	2447	213
1042	18	567	213
1042	18	967	213
135	18	954	213
9144	18	687	213
2406	8	2407	213
2292	8	2293	213
1042	18	1551	213
9164	19	358	213
135	18	854	213
135	18	1426	213
135	18	1014	213
2421	8	2420	213
9144	18	9138	213
9144	18	1029	213
135	18	1014	214
1042	18	297	214
2001	7	2239	214
3250	21	9434	214
135	18	534	214
9144	18	696	214
2691	19	9149	214
4230	21	9462	214
2286	8	2287	214
9534	21	9465	214
2394	8	2395	214
1042	18	979	214
2407	8	2406	214
135	18	9134	214
69	0	70	214
135	18	9130	214
1042	18	160	214
2395	8	2394	214
135	18	438	214
2470	8	2471	214
1042	18	435	214
1042	18	377	214
135	18	1013	214
6400	19	9159	214
4764	21	9462	214
135	18	854	214
9144	18	9140	214
7293	19	1926	214
3069	19	1926	214
2287	8	2286	214
135	18	1470	214
2358	8	2359	214
8842	19	9149	214
1042	18	1467	214
1042	18	568	214
2925	19	1926	214
3287	21	9473	214
2330	8	2331	214
1042	18	967	214
2433	8	2432	214
135	18	9133	214
9144	18	9138	214
2405	8	2404	214
2404	8	2405	214
135	18	602	214
1042	18	1051	214
1042	18	1551	214
135	18	9135	214
3024	19	1992	214
0	0	1	214
1042	18	1050	214
9144	18	1031	214
9144	18	1027	214
9144	18	9137	214
9144	18	687	214
9164	19	358	214
2413	8	1879	214
9470	21	9455	214
1042	18	570	214
2447	8	2448	214
2990	19	9159	214
1042	18	489	214
9144	18	1041	214
9144	18	1029	214
2406	8	2407	214
2448	8	2447	214
2414	8	2415	214
1042	18	715	214
1858	19	969	214
135	18	954	214
2432	8	2433	214
135	18	2004	214
135	18	1426	214
2395	21	9462	214
135	18	1081	214
135	18	9132	214
104	0	106	214
9141	18	1076	214
9144	18	698	214
2454	8	2455	214
1042	18	876	214
1879	8	2413	214
1042	18	1441	214
2421	8	2420	214
7018	19	1991	214
3352	21	9473	214
135	18	9131	214
2292	8	2293	214
1042	18	571	214
9144	18	1035	214
2420	8	2421	214
9144	18	704	214
135	18	1591	214
2463	8	2464	214
1042	18	645	214
3346	21	9473	214
1042	18	567	214
9144	18	137	214
1042	18	1467	215
2691	19	9149	215
104	0	106	215
135	18	9134	215
2001	7	2239	215
2292	8	2293	215
2428	8	2429	215
1042	18	297	215
9141	18	1076	215
2433	8	2432	215
135	18	1470	215
1858	19	969	215
6400	19	9159	215
2414	8	2415	215
4764	21	9462	215
1042	18	979	215
69	0	70	215
1042	18	435	215
1042	18	570	215
1042	18	1051	215
2470	8	2471	215
1042	18	645	215
135	18	1591	215
9144	18	9137	215
2463	8	2464	215
9432	21	9433	215
3352	21	9473	215
1042	18	567	215
3395	21	9435	215
9144	18	1031	215
1042	18	571	215
2330	8	2331	215
2432	8	2433	215
2413	8	1879	215
2286	8	2287	215
1042	18	1441	215
2406	8	2407	215
1042	18	1050	215
1042	18	160	215
9144	18	698	215
2395	8	2394	215
9144	18	1029	215
1042	18	489	215
135	18	438	215
135	18	854	215
3287	21	9473	215
9144	18	137	215
2404	8	2405	215
2925	19	1926	215
1042	18	967	215
135	18	9133	215
2429	8	2428	215
8842	19	9149	215
3250	21	9434	215
2358	8	2359	215
135	18	1426	215
1042	18	568	215
135	18	1081	215
9470	21	9455	215
2407	8	2406	215
7018	19	1991	215
9144	18	1035	215
2394	8	2395	215
1042	18	715	215
9144	18	1027	215
1042	18	1551	215
0	0	1	215
2447	8	2448	215
3024	19	1992	215
3346	21	9473	215
9144	18	9140	215
2287	8	2286	215
9144	18	687	215
135	18	1013	215
9164	19	358	215
2448	8	2447	215
135	18	602	215
9144	18	9138	215
135	18	9135	215
2395	21	9462	215
4230	21	9462	215
135	18	9131	215
9144	18	704	215
1042	18	876	215
7293	19	1926	215
3069	19	1926	215
2990	19	9159	215
2420	8	2421	215
2421	8	2420	215
2454	8	2455	215
135	18	1014	215
1879	8	2413	215
9144	18	696	215
135	18	2004	215
1042	18	377	215
135	18	9130	215
9144	18	1041	215
135	18	534	215
135	18	9132	215
135	18	954	215
2405	8	2404	215
2447	8	2448	216
135	18	9132	216
1042	18	489	216
1042	18	377	216
9141	18	1076	216
135	18	1013	216
135	18	534	216
9144	18	9137	216
7293	19	1926	216
135	18	9134	216
135	18	2004	216
1042	18	568	216
1042	18	160	216
135	18	438	216
9144	18	9140	216
1042	18	876	216
1042	18	979	216
3346	21	9473	216
2925	19	1926	216
2432	8	2433	216
9144	18	687	216
135	18	954	216
2990	19	9159	216
1042	18	1051	216
1042	18	967	216
2421	8	2420	216
135	18	1014	216
135	18	854	216
4764	21	9462	216
135	18	9130	216
3069	19	1926	216
1879	8	2413	216
9144	18	704	216
1042	18	1551	216
9164	19	358	216
2286	8	2287	216
2404	8	2405	216
2454	8	2455	216
2407	8	2406	216
2691	19	9149	216
2395	21	9462	216
7018	19	1991	216
8842	19	9149	216
2394	8	2395	216
2428	8	2429	216
69	0	70	216
9432	21	9433	216
2413	8	1879	216
2292	8	2293	216
2001	7	2239	216
2420	8	2421	216
9144	18	1029	216
2463	8	2464	216
3352	21	9473	216
104	0	106	216
6400	19	9159	216
1858	19	969	216
2358	8	2359	216
9144	18	1041	216
3250	21	9434	216
2406	8	2407	216
135	18	9131	216
1042	18	645	216
9144	18	9138	216
1042	18	1050	216
0	0	1	216
2395	8	2394	216
1042	18	571	216
135	18	1591	216
1042	18	715	216
9432	21	9465	216
135	18	602	216
3345	21	9473	216
135	18	1470	216
9470	21	9455	216
2405	8	2404	216
135	18	1081	216
2433	8	2432	216
4230	21	9462	216
2287	8	2286	216
9144	18	137	216
9144	18	1031	216
3024	19	1992	216
9144	18	696	216
2429	8	2428	216
135	18	9133	216
135	18	1426	216
9144	18	1027	216
1042	18	570	216
2448	8	2447	216
2470	8	2471	216
9144	18	698	216
1042	18	297	216
2330	8	2331	216
1042	18	567	216
9144	18	1035	216
1042	18	1467	216
2414	8	2415	216
1042	18	435	216
135	18	9135	216
1042	18	1441	216
1879	8	2413	217
135	18	9134	217
1042	18	1050	217
1042	18	967	217
2447	8	2448	217
1858	19	969	217
135	18	9133	217
2292	8	2293	217
135	18	602	217
9144	18	1035	217
9144	18	687	217
2404	8	2405	217
2394	8	2395	217
1042	18	160	217
9144	18	696	217
135	18	1591	217
9144	18	9138	217
2287	8	2286	217
2286	8	2287	217
2463	8	2464	217
2407	8	2406	217
2990	19	9159	217
4230	21	9462	217
2330	8	2331	217
2395	21	9462	217
135	18	9130	217
2432	8	2433	217
1042	18	297	217
2691	19	9149	217
9144	18	9137	217
135	18	1013	217
2358	8	2359	217
3345	21	9473	217
4764	21	9462	217
2420	8	2421	217
69	0	70	217
135	18	954	217
135	18	1426	217
1042	18	435	217
3352	21	9473	217
2395	8	2394	217
104	0	106	217
1042	18	568	217
1042	18	1467	217
135	18	1014	217
135	18	2004	217
7018	19	1991	217
2925	19	1926	217
1042	18	571	217
6400	19	9159	217
1042	18	1551	217
135	18	438	217
3346	21	9473	217
2320	8	2321	217
3069	19	1926	217
135	18	9135	217
9144	18	704	217
2405	8	2404	217
2470	8	2471	217
135	18	854	217
9144	18	1027	217
2414	8	2415	217
9144	18	1031	217
7293	19	1926	217
8842	19	9149	217
9470	21	9455	217
1042	18	1051	217
135	18	534	217
1042	18	1441	217
9144	18	1041	217
2429	8	2428	217
135	18	1081	217
2428	8	2429	217
9144	18	1029	217
2001	7	2239	217
9144	18	698	217
9144	18	137	217
1042	18	567	217
1042	18	876	217
3250	21	9434	217
9164	19	358	217
1042	18	645	217
0	0	1	217
1042	18	489	217
1042	18	377	217
2413	8	1879	217
2433	8	2432	217
9432	21	9465	217
2421	8	2420	217
135	18	9132	217
135	18	9131	217
1042	18	715	217
2448	8	2447	217
1042	18	570	217
2406	8	2407	217
9432	21	9433	217
135	18	1470	217
9144	18	9140	217
3024	19	1992	217
9141	18	1076	217
2454	8	2455	217
1042	18	979	217
2287	8	2286	218
135	18	9131	218
3345	21	9473	218
1042	18	489	218
2429	8	2428	218
9144	18	704	218
2421	8	2420	218
135	18	954	218
135	18	1591	218
1042	18	568	218
2292	8	2293	218
9141	18	1076	218
135	18	1470	218
8842	19	9149	218
9144	18	9138	218
7018	19	1991	218
2433	8	2432	218
9144	18	1035	218
1042	18	1050	218
1042	18	570	218
2395	21	9462	218
135	18	9135	218
1042	18	1467	218
2286	8	2287	218
2414	8	2415	218
3352	21	9473	218
2330	8	2331	218
104	0	106	218
7293	19	1926	218
2358	8	2359	218
2691	19	9149	218
135	18	1014	218
6400	19	9159	218
2404	8	2405	218
1042	18	1441	218
1858	19	969	218
2405	8	2404	218
1042	18	715	218
135	18	2004	218
9144	18	1027	218
9144	18	696	218
1042	18	876	218
4230	21	9462	218
9144	18	1029	218
135	18	534	218
135	18	9134	218
2428	8	2429	218
2406	8	2407	218
9144	18	687	218
3346	21	9473	218
1042	18	571	218
9144	18	9137	218
2448	8	2447	218
2394	8	2395	218
3069	19	1926	218
0	0	1	218
9432	21	9433	218
69	0	70	218
135	18	9132	218
3250	21	9434	218
1042	18	377	218
9432	21	9465	218
135	18	9130	218
1042	18	1051	218
1042	18	297	218
9144	18	1041	218
1879	8	2413	218
2407	8	2406	218
1042	18	160	218
4764	21	9462	218
135	18	9133	218
2395	8	2394	218
2925	19	1926	218
9470	21	9455	218
1042	18	1551	218
135	18	854	218
2413	8	1879	218
9144	18	1031	218
1042	18	435	218
2990	19	9159	218
1042	18	979	218
9144	18	9140	218
135	18	1081	218
9164	19	358	218
135	18	1426	218
9432	21	9433	218
3288	21	9435	218
2447	8	2448	218
9144	18	698	218
3024	19	1992	218
2320	8	2321	218
2470	8	2471	218
2463	8	2464	218
1042	18	567	218
1042	18	967	218
135	18	602	218
135	18	438	218
9144	18	137	218
135	18	1013	218
2432	8	2433	218
2001	7	2239	218
1042	18	645	218
2420	8	2421	218
135	18	1013	219
1042	18	1467	219
2414	8	2415	219
